@ HyperIMU - ianovir
@ Date:Sat Aug 19 20:18:08 GMT+03:00 2023, Sampling Rate:25ms

timestamp,bma4xy_accelerometer.x,bma4xy_accelerometer.y,bma4xy_accelerometer.z,oem_pseudo_gyro.x,oem_pseudo_gyro.y,oem_pseudo_gyro.z
1692465488103,-0.22800002,-0.78000003,9.30105,-1.205325,-1.0492625,-0.363275
1692465488141,-0.564,-0.62205005,9.89505,-1.966525,-1.5651625,-1.6644375
1692465488170,-0.46500003,-0.624,9.885,-2.0777626,-1.6678749,-2.7291
1692465488195,-0.62595004,-0.57705003,9.691051,-1.99815,-1.59885,-3.1136875
1692465488218,-0.52500004,-0.53805,9.62895,-1.8706875,-1.4631375,-3.36105
1692465488244,-0.43395,-0.66795003,9.95205,-1.7153125,-1.28095,-3.4368124
1692465488275,-0.49905002,-0.64395005,9.62895,-1.3656499,-0.9306,-3.4662375
1692465488305,-0.15900001,-0.864,10.38,-1.0393625,-0.6986375,-3.6911874
1692465488331,-0.094050005,-0.87105006,10.278001,-1.0393625,-0.6986375,-3.6911874
1692465488358,-0.37005,-0.74895006,9.946951,-0.808225,-0.5236,-3.591225
1692465488386,-0.06105,-0.77805007,9.966001,-0.6612375,-0.3909125,-3.20815
1692465488413,-0.18495001,-0.591,9.717,-0.5979875,-0.32835,-2.9456625
1692465488443,-0.01995,-0.59595,9.543,-0.5302,-0.2743125,-2.6741
1692465488470,0.04095,-0.68700004,9.847051,-0.3812875,-0.202675,-2.308075
1692465488497,0.039,-0.675,9.729,-0.3133625,-0.1791625,-2.2048125
1692465488525,-0.14505,-0.61200005,10.075951,-0.2619375,-0.1656875,-2.0447624
1692465488555,-0.3,-0.35205,9.732,-0.2014375,-0.1527625,-1.48665
1692465488587,-0.34305,-0.24105,9.49995,-0.1269125,-0.0884125,-1.3652375
1692465488613,-0.21195,-0.37605003,9.83205,-0.0768625,-0.0386375,-1.4909124
1692465488639,-0.28395,-0.32505003,9.898951,-0.0325875,0.0037125,-1.4867874
1692465488665,-0.24300002,-0.34905002,9.744,0.0127875,0.0339625,-0.96085
1692465488698,-0.049050003,-0.49005002,9.87495,0.0221375,0.033,-0.7090875
1692465488724,-0.25500003,-0.46395,9.9210005,0.028324999,0.0301125,-0.5740625
1692465488751,-0.28395,-0.51000005,9.556951,0.0257125,0.01045,-0.50888747
1692465488776,-0.11805001,-0.615,10.066951,0.0138875,-6.875E-4,-0.433675
1692465488802,-0.32895002,-0.246,9.780001,-0.00165,-0.0072875,-0.26221249
1692465488829,-0.36495003,-0.21795002,9.745951,-0.022824999,-0.0166375,0.1412125
1692465488856,-0.13005,-0.36600003,9.52095,-0.022824999,-0.0166375,0.1412125
1692465488887,-0.22395001,-0.41400003,9.780001,0.0026125,-0.0048125,0.2063875
1692465488918,-0.312,-0.162,9.528001,0.0177375,-0.008525,0.2446125
1692465488951,-0.312,-0.162,9.528001,0.0177375,-0.008525,0.2446125
1692465488973,-0.312,-0.162,9.528001,0.0177375,-0.008525,0.2446125
1692465489001,-0.312,-0.162,9.528001,0.0177375,-0.008525,0.2446125
1692465489040,-0.16095,-0.33495003,9.868051,0.076725,0.0023375,-0.0020625
1692465489065,-0.16095,-0.33495003,9.868051,0.076725,0.0023375,-0.0020625
1692465489105,-0.16095,-0.33495003,9.868051,0.076725,0.0023375,-0.0020625
1692465489131,-0.16095,-0.33495003,9.868051,0.076725,0.0023375,-0.0020625
1692465489160,-0.26205,-0.25305,9.729,-0.003575,-0.0240625,0.06545
1692465489192,-0.19995001,-0.30600002,9.80595,0.0011,-0.00605,-0.0614625
1692465489225,-0.25500003,-0.28905,9.757951,0.0127875,0.017324999,-0.0605
1692465489257,-0.22095,-0.31095,9.715051,0.0154,0.016224999,0.0154
1692465489305,-0.29805002,-0.25095,9.910951,0.0155375,0.003025,0.18053749
1692465489346,-0.19500001,-0.23205002,9.75105,0.0053625,-0.011275,0.2468125
1692465489386,-0.11595,-0.30405003,9.913951,0.0017875,-0.0086624995,0.137775
1692465489419,-0.14505,-0.28695002,9.804001,-0.0017875,-0.0132,0.1527625
1692465489454,-0.23805001,-0.25800002,10.134001,-0.0132,-0.0210375,0.1912625
1692465489492,-0.18105,-0.30795002,9.89505,-0.002475,9.625E-4,-0.1890625
1692465489525,-0.303,-0.22500001,9.801001,0.006325,0.012925,-0.3254625
1692465489534,-0.18795002,-0.28905,9.9210005,0.006325,0.012925,-0.3254625
1692465489548,-0.049050003,-0.31605002,9.93,0.00715,0.0111375,-0.2316875
1692465489566,-0.079950005,-0.29895002,9.847051,0.0072875,0.0094875,-0.136675
1692465489614,-0.24795002,-0.20595,9.74895,0.004125,0.0011,-0.035475
1692465489630,-0.147,-0.34005,9.801001,0.0028875,-0.003025,-0.0675125
1692465489657,-0.135,-0.37800002,9.772051,0.00385,-0.0067375,-0.17985
1692465489685,-0.22800002,-0.33495003,9.712951,0.0064625,-0.005225,-0.32587498
1692465489715,-0.19500001,-0.29205,9.784051,-0.004675,-0.0081124995,-0.3199625
1692465489744,-0.19500001,-0.32505003,9.784051,-0.0155375,-0.0121,-0.0983125
1692465489769,-0.16905001,-0.29205,9.75105,-0.018975,-0.0099,0.2795375
1692465489797,-0.16395001,-0.33,9.913951,-0.01375,-0.006875,0.3147375
1692465489824,-0.22095,-0.25800002,9.76305,-0.005775,-0.0094875,0.3070375
1692465489854,-0.19500001,-0.28005,9.92805,-0.0034375,-0.0111375,0.264
1692465489877,-0.20700002,-0.30105,9.89505,-5.5E-4,-0.009625,0.1744875
1692465489909,-0.231,-0.26505002,9.78705,0.0053625,0.0033,-0.0842875
1692465489938,-0.21195,-0.246,9.883051,0.0066,0.0114124995,-0.219725
1692465489966,-0.18300001,-0.23895001,9.79395,0.0061875,0.018424999,-0.3081375
1692465489992,-0.27195,-0.22005,9.889951,0.007975,0.017324999,-0.266475
1692465490020,-0.29295,-0.19395001,9.696,0.0121,0.0158125,-0.2308625
1692465490048,-0.13995,-0.282,9.909,0.0248875,0.0235125,-0.3078625
1692465490076,-0.16095,-0.27705002,9.801001,0.0308,0.0308,-0.4162125
1692465490105,-0.20205002,-0.25305,9.837001,0.0268125,0.0253,-0.488675
1692465490129,-0.16395001,-0.25800002,9.99705,0.0196625,0.014025,-0.4272125
1692465490165,-0.19305001,-0.20805001,9.733951,0.0154,6.875E-4,-0.43505
1692465490188,-0.109050006,-0.25605002,9.732,0.0166375,-2.75E-4,-0.5033875
1692465490218,-0.18795002,-0.186,9.813001,0.017324999,-1.375E-4,-0.5501375
1692465490246,-0.11100001,-0.28005,9.74895,0.0165,0.0023375,-0.5949625
1692465490274,-0.33900002,-0.201,9.745951,0.017324999,0.0037125,-0.6122875
1692465490302,-0.22095,-0.27,9.83205,0.0193875,0.005225,-0.5841
1692465490330,-0.26700002,-0.22905001,9.92595,0.022,0.0127875,-0.3513125
1692465490358,-0.279,-0.15300001,9.76305,0.0204875,0.0169125,-0.1940125
1692465490386,-0.17595,-0.22200002,9.79605,0.01815,0.01815,-0.026675
1692465490415,-0.231,-0.29205,9.82995,0.0155375,0.01485,0.212575
1692465490441,-0.33900002,-0.13395001,9.784051,0.015262499,0.011825,0.220275
1692465490471,-0.30705002,-0.081,9.7560005,0.013062499,0.0077,0.198275
1692465490498,-0.28800002,-0.17895001,9.744,0.0138875,0.0116875,0.2684
1692465490526,-0.384,-0.21300001,9.780001,0.0204875,0.0231,0.4725875
1692465490554,-0.32205,-0.25800002,10.024051,0.021724999,0.02585,0.5137
1692465490582,-0.39405003,-0.18195,10.225051,0.0193875,0.0295625,0.516725
1692465490609,-0.39600003,-0.13905,9.957001,0.009075,0.0418,0.4461875
1692465490638,-0.70005006,0.07095,9.9210005,0.0056375,0.0462,0.349525
1692465490666,-0.45105,0.040050004,9.468,0.0077,0.050875,0.23595
1692465490693,-0.29505002,0.057000004,9.68595,0.040975,0.0771375,0.0237875
1692465490722,-0.38895002,-0.024,9.765,0.065725,0.0867625,-0.1082125
1692465490748,-0.32895002,-0.052050002,9.555,0.0947375,0.061325,-0.355025
1692465490778,-0.19695,-0.01905,9.568951,0.0922625,0.0372625,-0.35475
1692465490807,-0.11595,-0.0139500005,9.36795,0.0691625,-0.0020625,-0.2270125
1692465490835,-0.09195001,0.016050002,9.20505,0.0614625,-0.0191125,-0.2528625
1692465490862,-0.049050003,-0.23205002,9.64995,0.0578875,-0.03795,-0.32725
1692465490889,-0.24495001,-0.28005,9.81105,0.0444125,-0.075075,-0.351175
1692465490919,-0.37395,-0.28905,9.78705,0.0221375,-0.0848375,-0.2206875
1692465490948,-0.453,-0.01905,9.54705,-0.01045,-0.0820875,-0.0213125
1692465490976,-0.312,0.39900002,8.587951,-0.0622875,-0.0341,0.293975
1692465491004,-0.312,0.13305001,8.406,-0.0548625,0.0012375,0.2673
1692465491032,-0.30495003,-0.069000006,9.528001,0.04015,0.0507375,-0.2784375
1692465491060,-0.24795002,-0.14595,9.217051,0.0862125,0.0523875,-0.6076125
1692465491088,-0.41505003,0.19095,7.7190003,0.082225,0.0246125,-0.872025
1692465491115,-0.31500003,0.13095,7.14195,0.0567875,0.013612499,-0.8844
1692465491144,-0.31500003,-0.20595,7.491,0.047849998,0.015262499,-0.9024125
1692465491172,-0.27195,-0.48105,8.32695,0.0672375,0.0419375,-0.8999375
1692465491199,-0.34095,-0.34695002,7.6330504,0.0488125,0.0477125,-0.78636247
1692465491228,-0.453,-0.24900001,6.3090005,-0.064075,0.04015,-0.3348125
1692465491255,-0.11100001,-0.64095,7.056,-0.1137125,0.0397375,-0.1640375
1692465491283,-0.06105,-0.81405,7.18305,-0.1439625,0.0435875,-0.0595375
1692465491311,-0.303,-0.75105006,7.4770503,-0.2118875,0.01265,0.389675
1692465491340,-0.15405001,-0.66795003,7.0720506,-0.270325,-0.0325875,0.7766
1692465491367,-0.15405001,-0.43305,6.9550505,-0.3551625,-0.086899996,1.1895125
1692465491397,-0.20700002,-0.201,7.00995,-0.3551625,-0.086899996,1.1895125
1692465491425,0.003,-0.72300005,8.974951,-0.3183125,-0.0867625,1.0327625
1692465491453,-0.216,-0.78495,10.27995,-0.272525,-0.0983125,1.0492625
1692465491482,-0.051000003,-0.060000002,8.96595,-0.19305,-0.139975,1.2765499
1692465491512,0.058050003,-0.23895001,9.63405,-0.0928125,-0.1376375,1.0894125
1692465491538,-0.33405003,-0.25095,10.83495,-0.00165,-0.1214125,0.7799
1692465491572,-0.079950005,-0.768,11.524951,0.139425,-0.1183875,0.392425
1692465491598,0.23295002,-0.52905005,12.288,0.14575,-0.1131625,0.4675
1692465491625,-0.15705001,-0.30600002,11.710951,0.0793375,-0.0919875,0.6265875
1692465491654,-0.88695,-0.0139500005,11.29695,0.05115,-0.095699996,0.4901875
1692465491687,-0.80100006,-0.40905002,11.74995,0.069025,-0.0506,0.22715
1692465491726,-0.28095,-0.75105006,13.152,0.10285,0.0947375,0.44715
1692465491752,-0.67605,-0.22500001,12.18,0.0765875,0.1348875,0.601975
1692465491778,-1.19505,0.17595,11.491051,0.0303875,0.1313125,0.6945125
1692465491806,-1.21695,0.126,11.22795,-0.0034375,0.10725,0.688325
1692465491840,-1.03005,0.162,11.72595,0.041249998,0.1337875,0.41799998
1692465491859,-0.76500005,0.16695,12.03705,0.097075,0.18975,0.2255
1692465491894,-0.82005006,0.61200005,11.023951,0.18205,0.23925,-0.1101375
1692465491922,-0.97800004,0.62895006,11.127001,0.2096875,0.2143625,-0.2492875
1692465491951,-0.28605002,0.46395,12.652051,0.2385625,0.17613749,-0.38005
1692465491981,0.015000001,0.126,12.68805,0.28875,0.10395,-0.5135625
1692465492008,-0.60405004,-0.072000004,14.349001,0.26015,-0.0246125,-0.406175
1692465492036,-0.82005006,-0.060000002,15.502951,0.20625,-0.1012,-0.2564375
1692465492066,-0.73095006,0.40905002,14.313001,0.1368125,-0.1412125,-0.0561
1692465492096,-0.597,0.837,13.687951,0.02365,-0.0961125,0.2520375
1692465492124,-0.75000006,1.07595,13.18605,0.0451,-0.03355,0.1665125
1692465492152,-0.91800004,1.041,13.02105,0.0983125,-0.0180125,0.054725
1692465492181,-0.669,0.26700002,13.273951,0.155925,-0.0056375,-0.039049998
1692465492211,0.051000003,-0.85695004,14.845051,0.20735,0.0259875,-0.0727375
1692465492240,-0.049050003,-0.96900004,15.265951,0.1555125,0.0298375,0.0688875
1692465492270,-0.77205,-0.44700003,13.617001,-0.109725,-0.042075,0.5577
1692465492298,-0.717,-0.26805001,12.70695,-0.237875,-0.088275,0.726
1692465492330,-0.39405003,-0.43800002,12.4129505,-0.3152875,-0.0884125,0.8289875
1692465492357,-0.85305005,-0.64605004,12.046051,-0.2850375,-0.05775,0.814825
1692465492388,-0.633,-0.90900004,11.58705,-0.216975,-0.003575,0.70345
1692465492416,-0.13995,-1.11,11.854951,-0.2058375,0.0207625,0.58795
1692465492445,-0.16605,-0.66495,9.366,-0.2336125,0.0430375,0.2770625
1692465492474,0.01905,-0.177,5.94705,-0.2541,0.023924999,0.083875
1692465492505,-0.54195005,0.124050006,4.45095,-0.2550625,-0.005775,-0.1519375
1692465492539,-0.74505,0.102000006,5.42805,-0.1639,-0.0312125,-0.688325
1692465492565,-0.11100001,-0.14805001,5.7010503,-0.0886875,-0.0081124995,-0.92097497
1692465492594,-0.039,-0.009000001,3.2569501,0.0462,0.097075,-1.246575
1692465492622,0.53895,-1.02195,2.9940002,0.0858,0.12045,-1.3987875
1692465492650,0.95100003,-1.7160001,6.3810005,0.0705375,0.043725,-1.5996749
1692465492676,0.66300005,-1.7689501,8.17605,-0.0320375,-0.0479875,-1.4135
1692465492707,-0.147,-1.0890001,5.775,-0.4203375,-0.33275,-0.52648747
1692465492731,-0.48705003,-0.684,5.87295,-0.4203375,-0.33275,-0.52648747
1692465492764,1.125,-1.266,7.5270004,-0.5498625,-0.295075,-0.33385
1692465492791,0.9889501,-1.5510001,9.607051,-0.4489375,-0.19607499,-0.4596625
1692465492823,-0.30705002,-0.30795002,9.399,-0.292875,-0.2292125,-0.52648747
1692465492851,-0.86805004,0.37995002,8.193001,-0.292875,-0.2292125,-0.52648747
1692465492880,-1.03995,-0.65595,6.90495,-0.146575,-0.2091375,-0.494175
1692465492906,0.47700003,-2.3119502,13.755001,0.1199,0.164725,-0.4712125
1692465492939,-0.16605,-1.2079501,11.3209505,0.1577125,0.286275,-0.163075
1692465492968,-0.83400005,-0.09105001,8.67105,0.078375,0.267025,0.2968625
1692465492996,-0.76500005,0.49995002,7.7470503,-0.081125,0.0972125,0.6282375
1692465493026,-1.19295,0.43695003,8.65905,-0.0077,0.1188,0.4389
1692465493051,-0.88695,-0.28905,9.0400505,0.3163875,0.2872375,-0.0103124995
1692465493085,-0.12105001,-0.88500005,10.09305,0.4404125,0.347875,-0.086625
1692465493114,0.38595003,-0.84495,10.12395,0.4136,0.3400375,0.3601125
1692465493149,0.38295,-0.55995005,8.899051,0.2784375,0.2387,0.7110125
1692465493176,0.3,-0.57405,9.83205,0.041525,-0.065175,0.7577625
1692465493204,-0.432,-0.27705002,10.52595,0.0111375,-0.229075,0.0295625
1692465493232,-0.84795004,-0.19095,10.189051,0.032175,-0.2344375,-0.3158375
1692465493259,-0.85995007,-0.28905,10.372951,0.0609125,-0.1871375,-0.5520625
1692465493291,-0.52005005,-0.56205004,11.19705,0.1266375,0.0275,-0.715825
1692465493313,-0.70005006,-0.31800002,10.27995,0.1398375,0.124575,-0.684475
1692465493346,-0.657,-0.29895002,10.182,0.12925,0.175175,-0.61215
1692465493376,-0.030000001,-0.46605003,10.054951,0.0826375,0.17173749,-0.3782625
1692465493401,-0.109050006,-0.37995002,9.162001,0.0686125,0.14685,-0.2371875
1692465493432,-0.24300002,-0.294,8.437051,0.0576125,0.1062875,-0.115225
1692465493461,-0.51795,-0.43800002,8.77005,0.0284625,-0.004125,0.0732875
1692465493490,-0.47505003,-0.39000002,8.446051,0.0045375,-0.033275,0.1678875
1692465493519,-0.48495004,-0.162,7.3500004,-0.0045375,-0.0081124995,0.1331
1692465493550,-0.33105,-0.40905002,7.0459504,-0.0171875,0.0468875,0.0952875
1692465493585,-0.33900002,-0.44700003,7.5100503,-0.01925,0.0620125,0.2209625
1692465493606,-0.68100005,-0.24900001,6.9619503,-0.01925,0.0620125,0.2209625
1692465493636,-0.76695,-0.18405001,6.117,-0.0446875,0.052525,0.2607
1692465493666,-0.13305001,-0.624,6.1870503,-0.04675,0.0688875,0.174625
1692465493693,0.13005,-0.768,6.38805,-0.0207625,0.1364,0.043449998
1692465493723,-0.37695003,-0.59595,5.72205,-0.0367125,0.1233375,0.0782375
1692465493754,-0.22095,-0.69600004,6.2040005,-0.141625,-0.0353375,0.2239875
1692465493782,0.27600002,-0.55005,6.0070505,-0.187,-0.091025,0.320925
1692465493810,-0.05595,-0.32505003,5.4019504,-0.21285,-0.100925,0.4514125
1692465493840,-0.62805,-0.14595,7.5919504,-0.2061125,-0.1087625,0.5671875
1692465493868,-0.62595004,-0.19800001,10.210951,-0.0820875,-0.093225,0.3636875
1692465493900,-0.030000001,-0.44700003,10.522051,0.0133375,-0.0317625,0.320925
1692465493926,0.39105,0.093,8.66895,0.14533749,0.03025,0.3392125
1692465493956,-0.45105,0.73395,9.48495,0.1615625,-0.0303875,0.2943875
1692465493984,-0.29805002,0.40605003,11.14605,0.238975,-0.1676125,0.08635
1692465494015,0.42900002,0.064050004,12.142051,0.31913748,-0.16499999,0.10615
1692465494043,0.321,0.55005,12.262051,0.3796375,-0.131725,0.27005
1692465494071,-0.003,0.88305,11.269051,0.3564,-0.137225,0.5212625
1692465494102,-0.88395005,1.12695,12.046051,0.3298625,-0.172975,0.410575
1692465494131,-0.48000002,0.62595004,13.557001,0.359425,-0.144375,0.15455
1692465494160,0.16605,0.16395001,13.33905,0.379225,-0.056649998,0.2509375
1692465494190,-0.55605,0.94500005,14.026051,0.3020875,0.09295,0.7671125
1692465494219,-0.92700005,1.7040001,13.119,0.2182125,0.0858,0.9332125
1692465494247,-0.85305005,1.6650001,12.453001,0.1621125,0.0727375,0.8014875
1692465494273,0.109950006,0.98805004,14.41905,0.2195875,0.1084875,0.5319875
1692465494302,0.65895003,0.22695,14.790001,0.28765,0.1359875,0.221375
1692465494334,-0.126,0.98805004,14.0140505,0.270875,0.0512875,-0.083875
1692465494362,-1.0690501,1.00695,13.05405,0.181775,-0.052249998,-0.098037496
1692465494392,-0.11595,0.19800001,15.934051,0.043725,-0.1599125,-0.2080375
1692465494422,0.00795,0.47100002,15.402,0.0251625,-0.1170125,-0.2391125
1692465494450,-0.61905,0.693,13.200001,-0.032449998,-0.0149875,-0.105325
1692465494481,-0.55395,0.18405001,14.647951,-0.07425,-0.0155375,-0.088
1692465494509,-1.5450001,-0.34695002,16.377,-0.09955,-0.0213125,-0.141625
1692465494536,-2.22495,-1.0189501,16.216051,-0.1552375,0.03355,-0.078375
1692465494572,-1.49205,-1.5270001,15.9529505,-0.293975,0.2074875,0.4756125
1692465494600,-1.3969501,-1.1029501,13.654951,-0.37125,0.3073125,0.773025
1692465494629,-1.60695,-0.63600004,11.991,-0.47575,0.35585,0.8421875
1692465494658,-1.641,-0.96900004,11.788051,-0.47465,0.3251875,0.6370375
1692465494686,-1.04205,-1.5510001,11.946,-0.393525,0.2809125,0.3174875
1692465494713,-0.64695,-1.7209501,10.656,-0.3584625,0.260975,0.2123
1692465494742,0.0049500004,-1.4770501,8.7960005,-0.35021248,0.22659999,0.09185
1692465494774,-1.014,-0.36600003,6.7039504,-0.399025,0.104225,-0.0616
1692465494800,-2.01195,0.648,4.8769503,-0.4131875,0.0427625,-0.06655
1692465494827,-1.9609501,1.15995,3.4650002,-0.375925,0.0253,-0.0902
1692465494861,-0.75495005,-0.58095,2.5530002,-0.0818125,0.2250875,-0.3598375
1692465494892,0.30195,-1.7520001,4.866,0.113575,0.3911875,-0.5572875
1692465494921,0.59595,-1.8859501,7.0320005,0.177375,0.4983,-0.400125
1692465494950,-0.84105,-0.36405003,5.8969502,-0.34925,0.0576125,0.3876125
1692465494977,-0.372,-0.52905005,4.0800004,-0.5457375,-0.2022625,0.3073125
1692465495004,1.06305,-1.26405,5.3970003,-0.56705,-0.30745,-0.07535
1692465495031,1.0540501,-1.4770501,7.48395,-0.3092375,-0.159775,-0.9381625
1692465495063,0.32295,-0.65595,7.3740005,-0.2278375,-0.1819125,-1.3140875
1692465495090,-0.49395,0.010950001,8.281051,-0.2242625,-0.3315125,-1.5809749
1692465495120,-0.55605,-2.6850002,10.1629505,-0.1951125,-0.5517875,-1.47895
1692465495149,0.87900007,-3.6840003,13.2289505,-0.07535,-0.3713875,-0.374275
1692465495178,1.044,-2.19195,11.742001,-0.17325,-0.3311,0.5643
1692465495210,0.132,-0.21795002,7.39305,-0.48633748,-0.4961,1.5593874
1692465495239,-0.34800002,0.60495,6.2389503,-0.468325,-0.5314375,1.250975
1692465495265,-0.504,0.42795002,8.037001,-0.30415,-0.4560875,0.6741625
1692465495292,-0.693,0.21705002,9.35805,0.2286625,-0.0996875,-0.3507625
1692465495324,-0.022950001,-0.064050004,8.772,0.4657125,0.059125,-0.525525
1692465495348,0.33105,-0.34695002,8.66895,0.6268625,0.165825,-0.5042125
1692465495377,0.9889501,-1.2280501,10.111951,0.6881875,0.2094125,-0.2803625
1692465495406,0.83100003,-1.3429501,10.5070505,0.6029375,0.1309,-0.141075
1692465495434,0.22800002,-0.79695004,10.098001,0.286,-0.1357125,0.19965
1692465495465,0.312,-0.49995002,9.784051,0.025575,-0.2712875,0.4433
1692465495496,0.13005,-0.09105001,9.43305,-0.0042625,-0.25245,0.473
1692465495522,-0.135,0.052050002,9.15495,0.016775,-0.2074875,0.45168748
1692465495551,0.00795,-0.21000001,9.70995,0.123475,-0.094325,0.106425
1692465495581,0.216,-0.47805002,9.732,0.183425,-0.025575,-0.168025
1692465495612,-0.30495003,-0.23895001,8.949,0.2270125,0.0697125,-0.4758875
1692465495638,-0.15705001,-0.37305,9.14295,0.2008875,0.078099996,-0.4895
1692465495668,-0.05595,-0.30600002,9.186001,0.1420375,0.0897875,-0.3089625
1692465495698,-0.15705001,-0.18195,8.772,0.1247125,0.0996875,-0.1214125
1692465495727,-0.279,-0.064050004,8.19495,0.099,0.099825,0.147675
1692465495759,-0.74295,0.07395,7.8190503,0.0969375,0.1043625,0.102575
1692465495784,-0.57795,-0.076050006,7.9600506,0.1038125,0.120725,-0.030524999
1692465495813,-0.26700002,-0.41895002,7.668,0.12979999,0.1918125,-0.231825
1692465495839,-0.27405003,-0.46395,7.52505,0.132275,0.2259125,-0.2792625
1692465495868,-0.372,-0.26505002,7.5540004,0.0691625,0.2165625,-0.3463625
1692465495898,-0.45105,-0.15495001,6.867,0.0187,0.18425,-0.300575
1692465495927,-0.40605003,-0.20805001,6.42105,-0.0198,0.1431375,-0.236775
1692465495955,-0.40800002,-0.13905,6.70905,-0.0044,0.140525,-0.30415
1692465495989,-0.564,-0.109950006,6.04605,0.0287375,0.14465,-0.3801875
1692465496015,-0.38895002,-0.14295001,5.24595,0.0386375,0.148775,-0.308825
1692465496044,-0.039,-0.42105,5.6839504,0.0438625,0.1527625,-0.186175
1692465496069,-0.24300002,-0.58095,6.3900003,0.0352,0.1472625,-0.029424999
1692465496100,-0.32700002,-0.27705002,6.29895,-0.0479875,0.08195,0.3262875
1692465496127,0.21105,-0.27495003,7.9819503,-0.12265,0.0026125,0.60115
1692465496153,-0.01995,0.052050002,8.953951,-0.1243,-0.0317625,0.7238
1692465496183,-0.57795,0.48000002,9.32505,-0.1023,-0.0820875,0.77715
1692465496208,-0.41505003,0.39195,9.691051,0.0427625,-0.1511125,0.424875
1692465496238,0.49800003,-0.47100002,11.09895,0.1538625,-0.1123375,0.160875
1692465496267,0.83295006,-1.149,13.573951,0.266475,-0.0411125,0.0160875
1692465496296,-0.11595,-0.35595003,12.882001,0.2003375,-0.102025,0.12773749
1692465496325,-1.0180501,0.70995003,12.693001,0.077825,-0.2019875,0.2704625
1692465496354,-0.25995,0.069000006,13.392,-0.0655875,-0.23815,0.4756125
1692465496382,0.46695003,-0.33,13.033051,-0.0309375,-0.1447875,0.5127375
1692465496411,-0.25695002,-0.177,12.729001,0.0633875,-0.0070125,0.45787498
1692465496438,-0.70005006,-0.10305001,13.879951,0.064899996,-0.01925,0.3653375
1692465496469,-0.28605002,-0.37305,15.405001,0.02915,-0.0449625,0.2602875
1692465496491,-0.17295001,-0.043050002,14.236951,0.015675,-0.009075,0.3194125
1692465496524,0.20595,0.040050004,12.58005,0.0050875,0.02915,0.4032875
1692465496551,-0.25995,0.504,13.155001,-0.0017875,0.0400125,0.4637875
1692465496587,-0.46305,1.491,14.569051,0.0177375,-0.001925,0.47685
1692465496614,0.49605003,1.3450501,14.433001,0.122925,-0.00715,0.2765125
1692465496641,-1.12395,1.4760001,14.86095,0.20693749,0.0061875,0.1326875
1692465496668,-0.90795004,0.55005,15.868951,0.291775,-0.001375,-0.0551375
1692465496697,-0.23805001,-0.10695001,16.27395,0.37125,-0.0253,-0.3991625
1692465496726,0.22305001,-0.73905003,15.7879505,0.2233,0.056925,-0.0521125
1692465496753,-0.46305,-0.49500003,14.919001,0.08635,0.0576125,0.1975875
1692465496783,-0.65505004,-0.75600004,15.08205,-0.047025,0.022275,0.3614875
1692465496811,-1.4470501,-0.80205005,15.388051,-0.2212375,-0.0144375,0.55439997
1692465496841,-1.8420001,-0.261,13.23795,-0.2624875,0.0121,0.6089875
1692465496874,-0.453,-1.3399501,14.62905,-0.286275,0.1434125,0.7253125
1692465496898,0.26595002,-1.67805,14.502001,-0.2781625,0.2140875,0.78815
1692465496926,-0.96300006,-0.46395,11.6629505,-0.290125,0.190575,0.6353875
1692465496953,-1.8370501,0.016050002,11.283001,-0.290125,0.190575,0.6353875
1692465496982,-1.2790501,-0.26805001,7.6060505,-0.323125,0.0306625,0.283525
1692465497012,1.7119501,-1.5460501,5.68905,-0.1815,0.1326875,0.1606
1692465497042,0.22500001,-0.85395,7.4100003,-0.1043625,0.209825,0.0281875
1692465497066,-2.19105,0.15,9.403951,-0.088825,0.17875,-0.263725
1692465497096,-2.76795,1.1359501,5.94705,-0.161975,-0.0565125,-0.90639997
1692465497124,0.66795003,-0.28005,3.492,-0.1101375,0.025575,-0.9222125
1692465497153,2.12595,-1.005,4.605,0.1727,0.4984375,-0.7002875
1692465497180,1.3960501,-0.98100007,7.221,0.2600125,0.5094375,-0.998525
1692465497207,-0.53205,0.058950003,5.4570003,0.1441,-0.14575,-2.1800625
1692465497239,-0.18105,-0.15495001,3.9490502,0.006875,-0.4725875,-2.3032625
1692465497270,0.85695004,-1.43295,5.2920003,-0.0526625,-0.470525,-1.7279625
1692465497303,1.1040001,-1.16805,7.2109504,-0.03795,-0.3306875,-1.4049749
1692465497333,0.735,-0.72,5.67705,-0.2332,-0.37785,-0.440825
1692465497359,-0.24795002,-1.3810501,7.5750003,-0.3564,-0.5240125,0.1739375
1692465497391,0.18495001,-0.84195006,10.455001,-0.3936625,-0.666875,1.1616
1692465497424,1.5130501,-0.08295,8.913,-0.3265625,-0.5748875,1.6449125
1692465497449,0.73005,0.79395,6.7920003,-0.087037496,-0.330275,1.922525
1692465497479,-0.38205,1.0999501,7.52505,0.0609125,-0.3014,1.3003374
1692465497509,-0.29295,0.59805006,9.19095,0.4090625,-0.2176625,-0.2462625
1692465497547,0.24000001,0.17595,8.917951,0.5809375,-0.0763125,-0.6017
1692465497571,0.19395001,-0.036000002,8.899051,0.68365,0.1962125,-0.58575
1692465497601,1.00605,-0.73200005,9.954,0.59785,0.2255,-0.474375
1692465497629,1.6300501,-1.0890001,10.536,0.326425,0.12265,-0.22247499
1692465497659,0.73800004,-0.735,10.750951,0.168025,0.021175,-0.0749375
1692465497690,-0.05595,0.033,9.901951,-0.1397,-0.2138125,0.0991375
1692465497721,-0.29295,0.30795002,9.648001,-0.2145,-0.25025,0.1188
1692465497747,0.060000002,0.37305,8.913,-0.203225,-0.19167499,0.117699996
1692465497774,0.26805001,0.186,8.736,-0.0077,0.065175,-0.0380875
1692465497803,0.36405003,0.009000001,8.764951,0.0928125,0.1522125,-0.2464
1692465497832,0.43095002,-0.22005,9.267,0.1725625,0.155375,-0.7030375
1692465497862,0.30405003,-0.25800002,9.45195,0.154825,0.11385,-0.78375
1692465497895,-0.058050003,-0.14295001,9.351001,0.0548625,0.0352,-0.7887
1692465497925,-0.24300002,-0.13095,8.937,-6.875E-4,0.022,-0.8941625
1692465497952,-0.23295002,-0.24900001,9.021001,-0.0603625,0.0818125,-1.1837375
1692465497983,-0.075,-0.47805002,9.250951,-0.06215,0.135575,-1.1848375
1692465498014,-0.19695,-0.42795002,8.75805,-0.0644875,0.2047375,-0.918225
1692465498042,-0.29505002,-0.55695003,8.43,-0.082225,0.205425,-0.7789375
1692465498075,0.097950004,-0.69900006,8.54895,-0.126225,0.186175,-0.578325
1692465498103,-0.015000001,-0.51705,7.5220504,-0.1447875,0.18053749,-0.44907498
1692465498136,-0.504,-0.13095,5.68695,-0.1871375,0.127325,0.041525
1692465498169,-0.45795003,-0.34005,5.33505,-0.1815,0.0682,0.3477375
1692465498194,-0.102000006,-0.60795003,6.6610503,-0.150425,0.086899996,0.2652375
1692465498222,0.54795,-0.82305,6.69705,-0.1164625,0.1291125,0.1238875
1692465498253,0.50805,-0.56505,5.8330503,-0.122375,0.1232,0.0639375
1692465498280,-0.039,-0.37095,6.63,-0.1683,0.025024999,0.121
1692465498314,-0.43905002,-0.41895002,7.2570004,-0.20625,-0.1731125,0.083875
1692465498342,-0.35805002,-0.48795003,7.7569504,-0.1672,-0.16775,-0.0598125
1692465498371,-0.23295002,-0.76995003,7.9009504,-0.062425,0.0119624995,-0.402325
1692465498404,-0.27405003,-0.708,8.644951,-0.0341,0.0928125,-0.371525
1692465498434,-0.22605,-0.86595005,9.801001,-0.0451,0.1247125,0.29755
1692465498467,0.41400003,-1.28505,11.053051,-0.091575,0.0583,1.04005
1692465498502,-0.36195,-0.98805004,10.311001,-0.1186625,-0.0033,1.3173875
1692465498525,-0.81195,-0.84000003,10.71105,-0.18053749,-0.1353,1.5873
1692465498564,-0.10605001,-1.04595,12.06105,-0.1838375,-0.1397,1.492975
1692465498586,-0.22095,-1.161,12.439051,-0.121825,-0.056925,1.3596
1692465498619,-0.85995007,-1.2919501,12.21405,-0.08965,-0.0372625,1.370325
1692465498647,-1.16205,-1.55295,11.742001,-0.0727375,-0.0397375,1.2610124
1692465498675,-0.41805002,-1.9390501,12.267,-0.0856625,-0.0111375,1.2511125
1692465498703,-0.51795,-1.8280501,13.498951,-0.1145375,0.0336875,1.3237125
1692465498733,-1.0540501,-1.3279501,13.52295,-0.2068,0.0512875,1.3903999
1692465498762,-0.69495004,-0.85395,11.7640505,-0.233475,0.0198,1.3063875
1692465498790,-0.88395005,-0.924,13.273951,-0.17215,0.0105875,0.998525
1692465498821,-0.564,-1.0699501,15.582001,-0.0858,0.0507375,0.6606875
1692465498844,-0.65505004,-0.43095002,14.713051,0.013475,0.095425,0.198275
1692465498873,0.24405001,-1.0699501,12.031951,0.152075,0.11825,-0.584925
1692465498903,-1.0570501,-0.32805002,11.307,0.1827375,0.09405,-0.765325
1692465498930,-1.2270001,-0.84900004,16.233002,0.1890625,0.0075625,-0.78223747
1692465498957,-1.11405,-0.90900004,15.8209505,0.1859,-0.0020625,-0.6787
1692465498987,-1.38495,-0.648,15.1369505,0.2182125,0.101475,-0.649275
1692465499015,-1.54005,-0.87105006,16.458,0.22055,0.1480875,-0.68488747
1692465499044,-0.40800002,-1.9699501,17.37,0.201025,0.168025,-0.614075
1692465499072,-0.97305006,-1.7329501,17.43495,0.12375,0.148775,-0.2365
1692465499115,-1.3990501,-1.6680001,15.11295,-0.0231,0.0433125,0.1287
1692465499158,-1.6000501,-1.5820501,15.1369505,-0.08965,-0.0037125,0.2580875
1692465499192,-1.1050501,-1.7230501,14.548051,-0.166375,0.0199375,0.6975375
1692465499232,0.67095006,-1.575,11.71905,-0.2019875,0.0094875,1.1422125
1692465499264,1.2040501,-0.37305,7.8360004,-0.227975,-0.104499996,1.0256125
1692465499298,0.028950002,-0.0139500005,6.19395,-0.2024,-0.1832875,0.6136625
1692465499308,-0.36705002,0.010950001,5.8950005,-0.139425,-0.2525875,0.084975
1692465499325,-0.92295,-0.13605,5.41095,-0.0485375,-0.2825625,-0.4136
1692465499346,-0.72195005,-0.48105,4.899,-0.0485375,-0.2825625,-0.4136
1692465499371,-0.81495005,-0.45900002,4.70295,0.113299996,-0.159775,-0.89402497
1692465499396,-0.93195003,-0.30405003,5.4810004,0.1351625,-0.0369875,-0.82665
1692465499429,-1.416,0.08295,6.4879503,0.0862125,0.1750375,-0.46585
1692465499454,-0.95895004,0.09,5.1460505,0.084975,0.25959998,-0.4059
1692465499486,0.54405004,-0.92595005,4.18095,0.21615,0.4431625,-0.8716125
1692465499515,1.98195,-2.15595,5.8330503,0.2838,0.4852375,-1.281225
1692465499542,0.96300006,-1.7689501,6.18195,0.2644125,0.40301248,-1.635425
1692465499568,-0.42000002,-1.6900501,5.5740004,-0.0831875,-0.014025,-1.6784625
1692465499599,0.58905005,-1.8520501,6.80205,-0.292875,-0.368775,-1.269125
1692465499626,1.5870001,-0.97605,8.32905,-0.548075,-0.394625,0.018975
1692465499656,-0.83400005,-0.71295005,6.26595,-0.5671875,-0.420475,0.4753375
1692465499684,-1.83,-1.005,8.571,-0.355575,-0.4211625,0.4764375
1692465499713,1.6690501,-1.6320001,12.678,-0.181225,-0.2965875,0.5787375
1692465499743,0.15795001,0.30600002,9.02595,-0.0240625,-0.1062875,0.862675
1692465499770,-0.32700002,0.91800004,6.8710504,0.194425,0.0218625,0.573925
1692465499802,-1.0639501,0.99300003,8.08005,0.321475,-0.0144375,-0.052249998
1692465499829,-1.6290001,0.555,10.194,0.6716875,0.11715,-1.0043
1692465499856,-0.95895004,0.08505,10.384951,0.8237625,0.2541,-1.23035
1692465499883,-0.025050001,0.14505,9.448951,0.89402497,0.385275,-1.26445
1692465499909,0.65400004,0.081,8.7619505,0.7610625,0.4750625,-1.147575
1692465499936,0.85200006,-0.46395,8.667001,0.6312625,0.3735875,-1.1413875
1692465499964,0.43095002,-0.81600004,9.969001,0.38747498,-0.0257125,-0.9813375
1692465499995,-0.027,-0.95505005,10.9480505,0.253825,-0.207075,-0.8424625
1692465500022,-0.45795003,-0.33,10.251,-0.0361625,-0.32587498,-0.37675
1692465500051,-0.46995002,0.117000006,8.929951,-0.13653749,-0.2690875,-0.029975
1692465500079,-0.36705002,0.28695002,8.583,-0.1705,-0.1714625,0.242
1692465500106,0.064950004,-0.12900001,9.363001,-0.1351625,-0.0639375,0.303325
1692465500135,-0.19005,-0.23700002,9.64305,0.0405625,0.0792,-0.129525
1692465500162,-0.40305,-0.28005,9.102,0.09845,0.0897875,-0.3994375
1692465500190,-0.45795003,-0.14595,8.85795,0.0826375,0.058849998,-0.5528875
1692465500221,-0.27405003,-0.10005,8.916,0.049225,0.0617375,-0.3554375
1692465500250,-0.24795002,-0.081,8.953951,0.016224999,0.0919875,0.3185875
1692465500275,-0.46500003,-0.09105001,8.55195,0.0182875,0.0925375,0.5831375
1692465500305,-0.63795,-0.14295001,8.52105,0.0312125,0.0768625,0.61105
1692465500332,-0.42195,-0.23700002,8.085,0.0356125,0.08305,0.4280375
1692465500364,-0.61905,-0.49995002,7.077,0.0254375,0.1175625,-0.0160875
1692465500393,-0.36195,-0.61200005,7.7500505,1.375E-4,0.128975,-0.092125
1692465500422,-0.147,-0.56505,7.728,-0.041249998,0.132,-0.0015125
1692465500453,-0.41805002,-0.21000001,6.735,-0.1373625,0.1034,0.2464
1692465500480,-0.34305,-0.354,6.9240003,-0.164725,0.0746625,0.2451625
1692465500512,-0.10605001,-0.44700003,7.2040505,-0.135575,0.036849998,0.07645
1692465500539,-0.38595003,-0.21795002,6.9,-0.1065625,0.026124999,-0.018424999
1692465500568,-0.37395,-0.462,6.67005,-0.0705375,-0.0012375,-0.229625
1692465500598,-0.20505,-0.47400004,7.5420003,-0.0565125,-0.0023375,-0.242825
1692465500627,-0.58995,-0.22695,7.5510006,-0.0694375,0.0048125,0.1962125
1692465500654,-0.46500003,-0.39900002,8.11095,-0.09075,-0.0037125,0.4598
1692465500684,-0.24000001,-0.37605003,9.792001,-0.0983125,-0.0048125,0.61036247
1692465500712,0.04605,-0.37305,8.962951,-0.0554125,0.02695,0.534325
1692465500740,-0.50895,-0.33495003,9.066,-0.0262625,0.01815,0.3774375
1692465500769,-0.73095006,-0.37800002,10.078951,0.015262499,-0.049775,0.07975
1692465500799,-0.39795002,-0.54105,11.69505,0.0290125,-0.0512875,0.0012375
1692465500829,-0.38595003,-0.112050004,10.861951,0.03575,0.0166375,-0.0352
1692465500852,-0.70695,0.0139500005,10.15305,0.033,0.0298375,-0.0576125
1692465500882,-0.95100003,-0.261,10.516951,0.042625,0.0229625,-0.0955625
1692465500914,-0.3,-0.91605,12.322051,0.0969375,0.0383625,0.0070125
1692465500946,-0.32700002,-0.95205003,12.276001,0.098175,0.0627,0.2239875
1692465500975,-0.77895004,-0.411,11.91195,-0.0182875,0.03025,0.716375
1692465501001,-0.81495005,-0.12705001,11.88105,-0.091299996,-0.01705,0.8075375
1692465501034,-0.65505004,-0.29700002,12.805051,-0.1082125,-0.0298375,0.645425
1692465501061,-0.28605002,-0.354,12.637951,-0.062425,-0.0031625,0.5284125
1692465501089,-0.34095,0.034950003,11.7949505,0.00825,-0.001375,0.46915
1692465501116,-0.95895004,0.95895004,12.729001,0.0286,-0.03025,0.40425
1692465501150,-0.19305001,0.93000007,13.521001,0.1271875,-0.055825,0.0022
1692465501175,0.36405003,0.77205,13.879951,0.2253625,-0.0372625,-0.2387
1692465501204,0.37905002,0.693,15.307051,0.331375,-0.02805,-0.509025
1692465501240,-1.0830001,0.71295005,14.749051,0.4415125,-0.1241625,-1.1482625
1692465501268,-1.1359501,0.50205004,14.545051,0.427075,-0.19139999,-1.3245375
1692465501294,0.85200006,-1.02405,17.514,0.320925,-0.1403875,-0.9246875
1692465501322,0.60795003,-1.1200501,17.458052,0.242825,-0.0488125,-0.527725
1692465501346,-0.40095,-1.13205,16.068,0.1304875,-0.011,-0.196625
1692465501377,-1.3990501,-1.182,15.627001,-0.1612875,-0.1324125,0.205425
1692465501406,-0.99000007,-1.90005,15.724951,-0.32505,-0.106837496,0.429275
1692465501433,-1.1329501,-2.2350001,14.758051,-0.357775,-0.0099,0.4673625
1692465501462,-0.966,-2.05095,14.328001,-0.3911875,0.0798875,0.49774998
1692465501493,-0.31005,-2.2380002,13.63605,-0.4797375,0.1568875,0.61105
1692465501518,-0.3,-2.2380002,13.5400505,-0.5097125,0.1544125,0.6402
1692465501545,-0.98505,-1.383,11.211,-0.5203,0.12925,0.6345625
1692465501572,-0.65205,-1.1149501,8.628,-0.486475,0.0528,0.5817625
1692465501603,0.20595,-1.2250501,6.81405,-0.4357375,0.0363,0.5798375
1692465501632,0.402,-0.98295003,5.8060503,-0.3136375,0.0273625,0.6884625
1692465501661,-1.0710001,-0.10005,5.7010503,-0.2740375,-0.0056375,0.6389625
1692465501687,-2.0640001,0.94500005,4.39395,-0.2091375,-0.0743875,0.228525
1692465501718,-1.284,1.1080501,3.279,-0.1172875,-0.00385,0.0176
1692465501748,0.28005,-0.162,4.7700005,0.05115,0.176,-0.2358125
1692465501773,0.84105,-0.76995003,3.7120502,0.5204375,0.4912875,-1.4997125
1692465501802,0.65895003,-1.01205,4.26,0.6796625,0.435325,-2.50635
1692465501832,0.18705001,-0.75105006,5.20305,0.488125,0.078375,-3.158375
1692465501859,0.055050004,-0.84000003,5.8660502,0.2407625,-0.1518,-2.69555
1692465501885,-0.07305,-0.78195006,6.2899504,0.0292875,-0.3003,-2.1373
1692465501911,0.46905002,0.016050002,7.53,-0.1837,-0.3724875,-1.017225
1692465501939,-0.36705002,-0.87105006,8.797951,-0.1959375,-0.359425,-0.502975
1692465501966,-1.42005,-1.5630001,11.07495,-0.0521125,-0.2838,-0.1857625
1692465501993,-0.23595001,-2.01,11.692051,0.010725,-0.2083125,-0.087725
1692465502022,0.84105,-1.3039501,9.8230505,-0.0103124995,-0.111375,0.376475
1692465502050,0.462,-0.37605003,7.5919504,-0.20955,-0.0572,1.45585
1692465502079,-0.86295,0.36600003,6.9409504,-0.24585,-0.1384625,1.2736624
1692465502105,-0.82395005,0.08295,8.96595,-0.18933749,-0.214225,0.731775
1692465502136,-0.33405003,-0.21300001,10.378051,0.1166,-0.111925,-0.0774125
1692465502162,-0.384,-0.00405,9.684,0.2695,0.028875,-0.1794375
1692465502191,-0.312,0.10695001,9.259951,0.4090625,0.183425,-0.3938
1692465502221,-0.31905,0.094950005,9.4470005,0.42061248,0.1782,-0.6435
1692465502249,-0.27195,-0.031050002,9.1380005,0.4186875,0.15345,-0.8815125
1692465502279,0.07005,-0.41895002,8.772,0.385825,0.0946,-0.94159997
1692465502306,-0.24000001,-0.51195,9.35805,0.2767875,0.023375,-0.4555375
1692465502336,-0.39795002,-0.47805002,9.739051,0.18755,-0.019524999,-0.153175
1692465502366,-0.19995001,-0.49800003,9.40905,0.09185,-0.0528,0.1912625
1692465502392,-0.49905002,-0.34005,8.50395,-0.036575,-0.0482625,0.72765
1692465502418,-0.55200005,-0.31305,8.431951,-0.0587125,-0.0215875,0.71555
1692465502445,-0.38595003,-0.52605003,8.470051,-0.0628375,0.0094875,0.5548125
1692465502473,-0.33900002,-0.66795003,8.844001,-0.0462,0.066,0.296725
1692465502499,-0.47505003,-0.54495,9.052051,-0.050875,0.07315,0.3916
1692465502530,-0.48000002,-0.59805006,8.3550005,-0.1060125,0.0427625,0.808775
1692465502553,-0.35295,-0.57195,8.54205,-0.1060125,0.0427625,0.808775
1692465502584,-0.06795,-0.53295004,9.28695,-0.1266375,0.044275,0.748
1692465502616,-0.102000006,-0.26505002,8.67405,-0.1057375,0.0262625,0.3795
1692465502645,-0.54705,0.00405,7.3690505,-0.0853875,-0.0127875,0.1758625
1692465502675,-0.74100006,-0.028050002,7.4670005,-0.001925,-0.0554125,-0.230175
1692465502705,-0.26205,-0.37305,8.10705,0.059675,-0.022,-0.44907498
1692465502734,-0.12105001,-0.47595003,7.1730003,0.146025,0.0895125,-0.6936875
1692465502760,-0.216,-0.42600003,6.71295,0.137775,0.104225,-0.6424
1692465502788,-0.17595,-0.73695004,7.12305,0.0573375,0.0413875,-0.487575
1692465502815,-0.079950005,-0.75405,7.3090506,0.0132,0.0086624995,-0.41415
1692465502845,-0.33600003,-0.51900005,5.952,-0.0858,-0.03575,-0.0308
1692465502874,-0.49695003,-0.55005,5.241,-0.12705,-0.0562375,0.203775
1692465502904,-0.39600003,-0.78000003,6.5220003,-0.14973749,-0.0647625,0.39655
1692465502934,-0.61095005,-0.12195001,6.6130505,-0.17545,-0.0265375,0.8267875
1692465502960,-1.19805,0.231,7.9939504,-0.1843875,2.75E-4,1.074975
1692465502990,-1.0350001,0.093,8.71695,-0.0906125,0.087725,1.1946
1692465503021,-0.46095002,-0.77805007,11.356951,0.0226875,0.16885,1.02135
1692465503050,0.86700004,-1.0309501,11.776051,0.17985,0.2695,0.6554625
1692465503076,0.024,-0.025950002,12.18795,0.1436875,0.19167499,0.60225
1692465503103,-1.26195,0.39705002,12.22605,0.063525,0.0088,0.5396875
1692465503137,-1.18605,-0.13095,13.224001,0.0248875,-0.31033748,0.2644125
1692465503169,-1.0020001,-0.86595005,15.783001,0.099825,-0.265925,0.1940125
1692465503192,-2.3160002,-0.483,15.429001,0.196625,0.0097624995,0.36245
1692465503216,-2.502,0.44895002,14.31795,0.1285625,0.0862125,0.5990875
1692465503242,-1.023,1.1509501,14.293951,0.0295625,0.135575,0.82225
1692465503271,-0.44595003,1.1550001,14.758051,0.0411125,0.2704625,0.7621625
1692465503300,-1.31805,1.914,16.515001,0.1725625,0.2877875,0.40039998
1692465503328,-3.8479502,2.4169502,14.004001,0.456225,0.130625,-0.576675
1692465503356,-3.8860502,2.055,13.21695,0.456225,0.130625,-0.576675
1692465503385,0.726,-0.47400004,18.114,0.6158625,0.15235,-0.8771125
1692465503409,0.32595003,-0.19095,16.542002,0.5083375,0.357225,-0.2303125
1692465503439,-1.8750001,0.531,14.28705,0.32065,0.2580875,0.089925
1692465503467,-1.26495,-0.246,15.354001,-0.037675,-0.1441,0.2778875
1692465503497,-1.42005,-1.524,16.92,-0.1098625,-0.1948375,0.25905
1692465503524,-2.28495,-2.1709502,15.739951,-0.140525,-0.142725,0.2363625
1692465503550,-2.66295,-2.0389502,14.047951,-0.3037375,-0.010175,0.3991625
1692465503581,-1.8390001,-2.4409502,13.684051,-0.4483875,0.0435875,0.5874
1692465503608,-0.966,-2.7480001,12.958051,-0.6705875,0.160875,0.8734
1692465503635,-1.9350001,-1.9240501,12.03705,-0.7357625,0.1755875,0.9961875
1692465503664,-1.4610001,-1.692,11.790001,-0.78265,0.1431375,1.1364375
1692465503694,-0.58005005,-1.8049501,10.561951,-0.76835,0.047849998,1.2662375
1692465503718,0.13005,-1.64205,9.126,-0.6939625,0.022824999,1.1242
1692465503746,-1.06095,-0.45405003,8.643001,-0.6004625,-0.0061875,0.8327
1692465503775,-1.35105,0.41805002,5.11005,-0.4125,-0.1032625,0.1214125
1692465503804,-0.35295,0.14505,2.9650502,-0.288475,-0.10945,-0.1329625
1692465503831,0.039,-0.064050004,3.8220003,0.027775,0.0543125,-0.35901248
1692465503858,-0.9990001,0.31005,4.25805,0.1530375,0.1332375,-0.4412375
1692465503887,-1.9020001,1.014,4.092,0.2926,0.132825,-0.7591375
1692465503914,-0.79305005,0.41805002,3.456,0.359425,0.1519375,-0.8646
1692465503943,0.9580501,-0.71805006,4.40805,0.462275,0.2578125,-0.90805
1692465503968,2.1349502,-1.6969501,5.5909505,0.0070125,0.174625,-1.7832375
1692465503997,2.04705,-2.0269501,4.617,-0.103675,0.2162875,-2.66475
1692465504029,1.29495,-0.49005002,7.4599504,-0.19085,-0.1260875,-2.254175
1692465504060,0.23505001,-0.48795003,7.1470504,-0.32175,-0.71555,-1.38875
1692465504089,-2.8900502,-1.1509501,7.4700003,-0.4312,-1.0561374,-0.60555
1692465504116,-0.92505,-2.6089501,11.94795,-0.3161125,-0.854975,-0.3788125
1692465504144,1.5109501,-2.937,13.480051,-0.2385625,-0.4631,0.18535
1692465504173,-0.094050005,-0.85395,8.986951,-0.397925,0.088,1.8896625
1692465504208,-1.1329501,0.29895002,7.3170004,-0.4841375,-0.122099996,1.5775375
1692465504238,-1.1740501,-0.06705,9.93795,-0.3218875,-0.1123375,0.90021247
1692465504263,-0.73800004,-0.54105,10.6369505,-0.069025,0.0375375,0.22495
1692465504294,-0.35805002,-0.88305,10.48095,0.372625,0.3705625,-0.666325
1692465504328,-0.078,-0.73005,9.78195,0.4409625,0.402325,-0.79667497
1692465504354,0.25905,-0.74895006,9.291,0.344575,0.24695,-0.7612
1692465504379,0.08205,-0.67905,9.061951,0.2778875,0.1458875,-0.7695875
1692465504407,-0.21405001,-0.71505004,9.354,0.22605,0.0554125,-0.7902125
1692465504435,-0.55200005,-0.80205005,10.12005,0.1425875,-0.0906125,-0.5526125
1692465504464,-0.58995,-0.8880001,10.134001,0.108899996,-0.122237496,-0.2850375
1692465504493,-0.549,-0.93795,9.95205,0.0561,-0.08415,0.3267
1692465504522,-0.19005,-0.93795,9.916051,0.0281875,-0.0449625,0.5938625
1692465504550,-0.28395,-0.82305,9.361051,-0.0198,0.01485,0.63085
1692465504586,-0.38595003,-0.80895007,9.061951,-0.034925,0.0078375,0.267575
1692465504610,-0.324,-0.94500005,9.40095,-0.0353375,-0.00825,0.192225
1692465504637,-0.07305,-1.1389501,9.406051,-0.036849998,-0.0204875,0.230175
1692465504667,0.14895001,-1.2780001,9.04695,-0.0611875,-0.05115,0.47795
1692465504704,-0.24495001,-1.02195,9.483001,-0.0851125,-0.079475,0.5212625
1692465504729,-0.351,-0.91200006,9.436951,-0.1122,-0.1139875,0.4657125
1692465504760,-0.702,-0.59595,8.83695,-0.135025,-0.143825,0.28435
1692465504788,-0.87195003,-0.81795,8.797951,-0.0671,-0.0380875,0.0969375
1692465504817,-0.62595004,-1.197,9.555,-0.017324999,0.0512875,-0.043449998
1692465504851,-0.37905002,-0.98100007,9.64605,0.028324999,0.192225,-0.2168375
1692465504876,-0.54705,-0.77295005,8.89395,0.0092124995,0.20047499,-0.20185
1692465504905,-0.76905006,-0.735,7.6800003,-0.0177375,0.1709125,-0.152075
1692465504932,-0.81495005,-0.80595005,8.08005,-0.0180125,0.1120625,-0.0325875
1692465504960,-0.94695,-0.98595005,8.343,-0.00495,0.1139875,0.0504625
1692465504988,-0.85095006,-1.0819501,7.977,-0.0125124995,0.1511125,0.17985
1692465505018,-0.46500003,-0.73005,7.4170504,-0.026124999,0.1755875,0.141075
1692465505048,-0.52995,-0.46905002,6.53595,-0.0449625,0.20047499,-0.1342
1692465505077,-0.49395,-0.75405,6.0409503,-0.0298375,0.1871375,-0.3328875
1692465505106,-0.56595004,-0.88305,6.852,0.040975,0.13915,-0.6397875
1692465505140,-0.47295,-0.79200006,7.9600506,0.0496375,0.1167375,-0.6298875
1692465505162,0.096,-0.92805004,7.5919504,0.0325875,0.0922625,-0.5218125
1692465505193,-0.54405004,-0.31995,7.1280003,0.0044,0.0185625,-0.2618
1692465505218,-0.75705004,-0.15495001,7.1200504,0.0132,-0.027775,-0.1995125
1692465505247,-0.030000001,-0.74700004,8.236051,0.09845,-0.045375,-0.3009875
1692465505277,0.09105001,-1.10595,8.07495,0.163075,-0.00825,-0.41593748
1692465505308,-0.58695,-1.0309501,9.448951,0.1896125,0.0055,-0.4613125
1692465505338,0.27105,-1.3780501,10.783051,0.059125,-0.0947375,-0.075075
1692465505366,-0.11805001,-0.93600005,9.82005,-0.0911625,-0.2057,0.592075
1692465505396,-0.62595004,-0.78000003,9.47805,-0.126225,-0.257675,0.8331125
1692465505422,-0.91305006,-1.11,10.73505,-0.1348875,-0.290125,0.9653875
1692465505453,-0.78105,-1.08405,11.90505,-0.089237496,-0.2068,1.050225
1692465505482,-0.46305,-1.10595,11.991,-0.055825,-0.1123375,1.0646625
1692465505509,-0.030000001,-1.35405,11.56995,0.0048125,0.0265375,0.7913125
1692465505540,-0.030000001,-1.35405,11.56995,0.0048125,0.0265375,0.7913125
1692465505568,-0.40605003,-1.4620501,12.315001,0.014712499,-0.0474375,-0.0347875
1692465505597,-0.48705003,-1.1200501,12.88395,9.625E-4,-0.091299996,-0.1260875
1692465505626,-0.48195,-0.99105006,12.702001,-0.0023375,-0.113575,0.022824999
1692465505663,-0.43395,-0.82800007,11.071951,0.0088,-0.1032625,0.138875
1692465505691,-0.372,-0.84000003,11.053051,0.0418,-0.06765,0.2453
1692465505720,0.120000005,-1.0360501,12.774,0.0576125,-0.0517,0.2486
1692465505750,-0.16395001,-0.45405003,12.4800005,0.0738375,-0.0471625,0.1859
1692465505779,-1.368,-0.055050004,12.231001,0.0829125,-0.064625,0.078099996
1692465505808,-1.52295,-0.112050004,12.456,0.10615,-0.07865,-0.080575
1692465505836,-0.19995001,-0.85395,14.277,0.204325,0.0158125,-0.3509
1692465505867,-0.05595,-0.864,12.9199505,0.251075,0.1093125,-0.3342625
1692465505895,-0.564,-0.031050002,12.88395,0.230175,0.134475,-0.02585
1692465505924,-0.123,-0.21795002,13.97805,0.17435,0.0584375,0.086075
1692465505953,0.094050005,-1.6969501,16.491001,0.13585,-0.0339625,-0.07645
1692465505984,0.45000002,-2.532,16.614,0.1373625,-0.050325,-0.195525
1692465506008,-0.063,-2.15895,16.458,-0.031075,-0.1519375,0.0845625
1692465506043,-1.095,-1.4260501,17.43,-0.1695375,-0.2134,0.3130875
1692465506069,-2.42295,-1.1370001,16.422,-0.3070375,-0.2151875,0.51919997
1692465506096,-1.6620001,-1.01505,13.24995,-0.2781625,-0.1296625,0.565125
1692465506121,-0.42195,-0.76095,11.991,-0.211475,0.004125,0.6263125
1692465506151,-0.11100001,-0.74895006,11.203951,-0.084975,0.234575,0.787875
1692465506183,0.109950006,-1.2610501,10.91205,-0.0449625,0.2374625,0.7464875
1692465506213,0.63195,-2.4840002,10.38,0.005225,0.0820875,0.330275
1692465506243,1.1040001,-2.84295,8.523001,-0.0121,-0.0078375,0.1731125
1692465506270,0.70395005,-2.45595,6.9960003,-0.20487499,-0.2000625,0.2765125
1692465506301,1.16805,-1.14405,5.0160003,-0.3477375,-0.3003,0.4499
1692465506329,0.76605004,-0.124050006,3.9250503,-0.5443625,-0.41387498,0.4313375
1692465506359,-0.60705,0.12105001,5.8369503,-0.5333625,-0.4181375,0.1445125
1692465506390,-3.00495,0.38895002,8.62605,-0.2446125,-0.341,-0.41635
1692465506419,-0.99000007,-0.33705002,7.2640505,-0.023375,-0.1794375,-0.3961375
1692465506446,1.056,-1.12695,4.3770003,0.3551625,0.4648875,0.043449998
1692465506476,1.9219501,-1.419,4.3390503,0.4085125,0.6686625,-0.0694375
1692465506505,2.07795,-1.43295,5.124,0.3392125,0.6116,-0.5581125
1692465506536,-0.18495001,-0.82305,5.5020003,-0.033825,-0.0605,-1.521575
1692465506572,-0.573,-0.55005,7.1370006,-0.20487499,-0.391325,-1.649725
1692465506588,0.19905001,-0.44295,6.81195,-0.296175,-0.546975,-1.5126375
1692465506622,-0.14505,-0.00405,6.5790005,-0.1931875,-0.2662,-0.7833375
1692465506653,-1.1209501,-0.72495,10.207951,0.1021625,0.0716375,-0.637725
1692465506682,1.6969501,-1.86705,12.208951,0.2396625,0.1529,-0.7271
1692465506709,1.7550001,-1.05495,10.67205,0.31075,0.1857625,-0.242275
1692465506738,0.26595002,0.30600002,8.05095,0.19195,-1.375E-4,0.12375
1692465506766,-0.00795,0.78405005,8.118,0.060225,-0.250525,0.220275
1692465506798,-0.88695,0.84705,9.361051,0.120037496,-0.36245,-0.2853125
1692465506826,-0.48495004,0.14505,10.368,0.46475,-0.0050875,-0.8404
1692465506855,0.78495,-0.651,10.1629505,0.5836875,0.1786125,-0.9417375
1692465506886,1.6180501,-1.1530501,9.81105,0.5438125,0.3257375,-0.6039
1692465506912,1.5589501,-1.2919501,9.801001,0.383075,0.2107875,-0.2327875
1692465506942,0.90795004,-1.01505,9.86295,0.184525,0.00275,0.135575
1692465506972,0.43395,-0.507,9.84195,-0.12705,-0.363275,0.5883625
1692465507000,0.08205,-0.00405,9.784051,-0.19607499,-0.4112625,0.641025
1692465507029,0.052950002,0.16005,8.944051,-0.15235,-0.2531375,0.41745
1692465507058,0.273,-0.13095,8.80095,-0.0644875,-0.1145375,0.1830125
1692465507087,0.41895002,-0.47805002,8.929951,0.03025,0.0114124995,-0.0606375
1692465507116,0.34995002,-0.81405,10.036051,0.1364,0.132,-0.3364625
1692465507145,0.37905002,-0.88995004,9.784051,0.12375,0.1293875,-0.3141875
1692465507172,0.24195,-0.67200005,9.435,0.07095,0.108075,-0.22165
1692465507203,-0.0010500001,-0.48600003,9.291,-0.05555,0.0697125,0.061325
1692465507232,-0.03195,-0.49800003,9.31995,-0.0836,0.0768625,0.26895
1692465507260,-0.24795002,-0.43995002,9.15705,-0.0697125,0.10285,0.1926375
1692465507290,-0.25500003,-0.53295004,9.186001,-0.0308,0.1601875,0.012375
1692465507317,-0.15405001,-0.58395004,9.17205,-0.0138875,0.183425,0.04675
1692465507347,-0.079950005,-0.64605004,8.77005,-0.0050875,0.2019875,0.1122
1692465507377,-0.21405001,-0.90405005,8.74995,-0.0169125,0.203775,0.1161875
1692465507406,-0.09,-1.13205,9.14805,-0.0314875,0.1903,0.0367125
1692465507434,-0.18300001,-1.029,8.793,-0.087037496,0.1661,-0.106975
1692465507467,-0.59505004,-0.82995003,7.4100003,-0.181225,0.130075,-0.044825
1692465507493,-0.537,-0.86595005,6.81195,-0.21285,0.1175625,0.0526625
1692465507522,-0.252,-0.87600005,7.5730505,-0.2217875,0.1230625,0.1915375
1692465507552,-0.022950001,-0.75795,7.76205,-0.21615,0.1392875,0.3735875
1692465507581,-0.28800002,-0.45405003,7.00995,-0.18975,0.1403875,0.599775
1692465507610,-0.24300002,-0.60105,6.87405,-0.113437496,0.0906125,0.253275
1692465507639,0.20595,-0.61005,7.3500004,-0.062425,0.0749375,0.0529375
1692465507674,0.20595,-0.49995002,6.6940503,0.0053625,0.0449625,-0.12925
1692465507704,-0.078,-0.36795002,6.6460505,0.026124999,0.0039875,-0.2275625
1692465507733,-0.29805002,-0.33495003,7.1970005,0.0664125,-0.0771375,-0.3400375
1692465507768,-0.11805001,-0.73905003,8.299951,0.0845625,-0.067925,-0.23705
1692465507791,0.37095,-1.0000501,9.387,0.100237496,-0.0221375,-0.10945
1692465507820,0.67800003,-0.98805004,9.423,0.0875875,0.0364375,0.00495
1692465507847,0.12195001,-0.74700004,10.290001,0.043449998,-0.0163625,0.04675
1692465507879,-0.54705,-0.80595005,10.993051,-0.044,-0.1959375,0.0468875
1692465507907,-0.68805003,-0.76305,11.350051,-0.01925,-0.1703625,-0.0050875
1692465507936,-0.56100005,-1.18005,11.7619505,0.01485,-0.0661375,0.0474375
1692465507963,-0.46305,-1.25205,12.231001,0.037125,0.0457875,0.1491875
1692465507996,-0.50895,-1.0170001,11.842951,0.01155,0.1590875,0.4285875
1692465508025,-0.29805002,-0.64095,10.909051,-0.0218625,0.1533125,0.53061247
1692465508053,-1.2409501,-0.28500003,10.309051,-0.039325,0.120725,0.399575
1692465508081,-0.72405005,-0.39900002,11.568001,-0.0105875,0.117837496,0.2674375
1692465508111,-0.36,-0.78000003,12.609,0.07755,0.1456125,0.25685
1692465508141,-0.45600003,-0.49005002,12.0390005,0.113437496,0.1555125,0.274175
1692465508172,-1.3440001,-0.17895001,11.54895,0.1189375,0.0955625,0.10505
1692465508200,-1.5499501,-0.024,11.665951,0.1109625,0.0598125,0.0375375
1692465508228,-0.82905006,-0.61005,13.413001,0.1181125,0.0583,0.103675
1692465508258,-0.94395006,-0.13605,12.654,0.14093749,0.136675,0.7228375
1692465508287,-0.65505004,0.63600004,11.383051,0.1159125,0.133375,0.949575
1692465508319,-0.18300001,0.43695003,12.078001,0.139425,0.1071125,0.56581247
1692465508342,-0.19995001,-0.0019500001,13.765051,0.2074875,0.08635,0.0477125
1692465508374,0.13005,-0.897,15.562951,0.332475,-8.25E-4,-0.4631
1692465508405,0.83595,-1.24905,16.22595,0.31239998,-0.071775,-0.326975
1692465508433,0.66300005,-0.61005,14.043,0.10505,-0.2083125,0.131175
1692465508473,0.83100003,-0.85395,15.016951,-0.099,-0.3361875,0.2627625
1692465508502,0.27795002,-1.45305,16.539001,-0.13145,-0.3744125,0.2556125
1692465508528,-1.0210501,-1.45305,16.546051,-0.131725,-0.3752375,0.1208625
1692465508554,-1.1190001,-1.5679501,15.441001,-0.147675,-0.32615,0.03795
1692465508586,-0.135,-1.761,14.019001,-0.20515,-0.105325,0.1420375
1692465508619,0.252,-1.383,12.999001,-0.227975,0.0042625,0.2894375
1692465508641,-0.022950001,-1.2060001,12.352951,-0.2454375,0.061875,0.3848625
1692465508672,-0.64305,-1.16805,10.9140005,-0.2498375,0.0306625,0.2811875
1692465508703,-0.01305,-1.9270501,9.0379505,-0.229075,5.5E-4,0.208175
1692465508730,-0.21405001,-2.094,9.732,-0.1953875,0.007975,0.3603875
1692465508760,-1.27005,-1.3399501,9.885,-0.2222,0.01375,0.48427498
1692465508791,-0.14205001,-1.644,8.920051,-0.3111625,0.021724999,0.5407875
1692465508820,0.46005002,-1.47195,7.4050503,-0.319,0.065725,0.50655
1692465508846,0.54795,-1.1869501,5.3509502,-0.3012625,0.1203125,0.3760625
1692465508874,-0.73095006,-0.26295,3.4680002,-0.2585,0.123475,-0.374275
1692465508905,-1.21695,-0.21300001,2.6440501,-0.2206875,0.067375,-0.968
1692465508930,-0.79305005,-0.52395004,2.9149501,-0.2206875,0.067375,-0.968
1692465508958,1.0200001,-1.3620001,4.473,-0.0979,0.26455,-0.8138625
1692465508989,0.726,-1.2730501,7.1629505,-0.0614625,0.412225,-0.7877375
1692465509020,-1.18605,-0.708,4.92495,-0.125125,0.302225,-1.1009625
1692465509051,-0.26205,-0.60495,4.4539504,-0.19305,0.0787875,-1.9091874
1692465509076,1.26705,-0.342,7.7760005,-0.137775,0.1848,-2.0504
1692465509102,0.27795002,-0.20805001,7.4029503,-0.0441375,0.3788125,-2.11585
1692465509130,-1.8730501,-1.3399501,6.7590003,0.2407625,0.4530625,-2.9731624
1692465509161,-0.018000001,-3.52095,10.31595,0.37565,0.352825,-3.378375
1692465509190,3.1960502,-3.9469502,13.609051,0.1456125,0.2446125,-1.1598125
1692465509219,1.1899501,-1.8829501,9.595051,-0.2660625,-0.09625,1.313125
1692465509247,-1.2049501,-0.35205,7.2109504,-0.7588625,-1.0093875,2.6215749
1692465509276,-1.77495,0.279,7.7760005,-0.6747125,-1.0646625,1.7384125
1692465509307,-0.279,-0.97200006,10.10505,-0.1486375,-0.3444375,0.2828375
1692465509343,0.37905002,-1.70895,11.215951,0.139975,0.1027125,-0.25959998
1692465509369,0.45000002,-1.5870001,10.15305,0.403975,0.4195125,-0.73149997
1692465509398,0.441,-1.4430001,9.459001,0.3584625,0.315975,-0.684475
1692465509426,0.56295,-1.74195,9.47805,0.2666125,0.1860375,-0.7019375
1692465509452,0.71400005,-1.9789501,10.498051,0.093637496,0.0361625,-0.9262
1692465509480,0.32295,-1.7710501,10.993051,0.0232375,-0.0180125,-0.874225
1692465509509,-0.65895003,-1.16295,9.691051,-0.0378125,-0.077,-0.6846125
1692465509539,-0.33600003,-0.96405005,8.535001,-0.084975,-0.1150875,-0.252175
1692465509567,0.46905002,-1.5340501,9.45195,0.004125,0.0809875,-0.1208625
1692465509598,0.22800002,-1.6009501,9.556951,0.0510125,0.1736625,-0.179575
1692465509627,-0.18495001,-1.5630001,9.21195,0.0682,0.17105,-0.1395625
1692465509655,-0.37695003,-1.55805,8.82495,0.026124999,-0.016224999,0.36313748
1692465509682,-0.24495001,-1.5409501,9.16395,-0.004125,-0.054449998,0.5193375
1692465509711,-0.09900001,-1.59405,9.3490505,-0.049775,0.0133375,0.48125
1692465509741,0.04095,-1.6470001,8.748,-0.061875,0.0438625,0.4543
1692465509772,-0.025050001,-1.4860501,8.266951,-0.0702625,0.0297,0.466125
1692465509797,-0.29805002,-1.4070001,7.977,-0.074525,0.0020625,0.4552625
1692465509825,-0.36195,-1.5840001,8.248051,-0.078925,-0.0218625,0.423225
1692465509854,0.015000001,-1.6900501,8.278951,-0.0823625,-0.0072875,0.3207875
1692465509887,0.028950002,-1.5960001,7.9440002,-0.09185,0.034375,0.2919125
1692465509916,0.031050002,-1.58895,7.6519504,-0.097625,0.01925,0.285175
1692465509949,0.33105,-1.7659501,8.334001,-0.1029875,-0.0510125,0.267025
1692465509976,-0.19695,-1.3879501,8.118,-0.108625,-0.0930875,0.3339875
1692465510002,-0.48705003,-1.2610501,7.80705,-0.1123375,-0.1332375,0.4203375
1692465510031,-0.35805002,-1.33095,8.34105,-0.07645,-0.1342,0.438625
1692465510059,-0.18495001,-1.3039501,8.431951,-0.0363,-0.0735625,0.3856875
1692465510089,-0.61395,-0.9670501,7.6639504,0.041249998,0.0603625,0.282425
1692465510113,-0.57600003,-0.80895007,7.7190003,0.0726,0.082225,0.27115
1692465510144,-0.13695,-0.94005007,8.05095,0.1054625,0.0884125,0.3064875
1692465510176,-0.15195,-0.78495,8.269051,0.1808125,0.1324125,0.2209625
1692465510205,-0.030000001,-0.89295006,8.899051,0.2168375,0.149875,-0.01815
1692465510230,0.20595,-1.065,8.7289505,0.269225,0.106975,-0.4255625
1692465510258,0.30195,-1.04595,9.0379505,0.27665,0.0686125,-0.5159
1692465510286,0.26595002,-1.0170001,9.97095,0.2308625,-0.023924999,-0.6127
1692465510317,0.44595003,-1.09605,9.777,0.1951125,-0.08415,-0.5297875
1692465510347,0.37605003,-0.90000004,9.247951,0.16885,-0.143825,-0.347325
1692465510371,0.28005,-1.1149501,9.21195,0.1395625,-0.23485,0.101475
1692465510404,0.48900002,-1.24905,10.902,0.1101375,-0.2773375,0.48014998
1692465510431,0.37905002,-1.62705,11.625001,0.087175,-0.2877875,0.6474875
1692465510463,-0.49395,-1.1890501,10.740001,0.029975,-0.292325,0.91368747
1692465510491,0.12195001,-1.2970501,11.424001,0.0133375,-0.2611125,1.00595
1692465510520,0.29700002,-1.1389501,11.236951,0.0108624995,-0.1964875,1.0223125
1692465510548,-0.20895001,-1.098,11.95995,0.0295625,-0.0594,0.75295
1692465510584,-0.36,-1.0360501,12.133051,0.045375,-0.0284625,0.581625
1692465510613,-0.22800002,-0.97395,11.854951,0.0881375,0.020624999,0.447975
1692465510642,-0.58305,-0.675,11.673,0.1079375,0.061049998,0.38775
1692465510671,-0.61905,-0.82305,11.805,0.123475,0.106425,0.236225
1692465510700,-0.36,-0.624,11.920051,0.1529,0.1942875,-0.16445
1692465510730,0.09105001,-0.40905002,11.44305,0.1835625,0.2277,-0.276925
1692465510759,-0.027,0.0019500001,12.292951,0.2014375,0.206525,-0.304975
1692465510790,-0.48000002,0.46605003,12.456,0.2250875,0.1632125,-0.3724875
1692465510818,0.06705,0.057000004,12.33405,0.2943875,0.073975,-0.5732375
1692465510847,0.53205,-0.81795,13.168951,0.3839,0.0814,-0.807675
1692465510875,0.43395,-1.5460501,14.602951,0.393525,0.07865,-0.8787625
1692465510906,0.651,-2.022,16.70895,0.34155,0.0347875,-0.857725
1692465510935,0.73305005,-1.46895,14.095051,0.0581625,-0.1249875,-0.339075
1692465510963,0.62700003,-1.21605,15.133951,-0.08855,-0.18975,0.028875
1692465510993,0.079050004,-1.23705,16.398,-0.2041875,-0.2281125,0.179575
1692465511020,-0.79305005,-1.1370001,16.036951,-0.192775,-0.2055625,-0.0122375
1692465511051,-1.23105,-0.80205005,14.1,-0.130075,-0.094875,-0.1868625
1692465511081,-0.86805004,-1.1010001,13.612051,-0.091575,-0.0011,-0.05115
1692465511109,-0.34095,-1.5799501,13.1980505,-0.01815,0.21175,0.1887875
1692465511137,-0.46305,-1.8190501,12.68595,-0.0064625,0.270325,0.1846625
1692465511166,-0.17805001,-2.391,12.717001,-0.08195,0.21573749,0.3861
1692465511197,0.31605002,-3.0180001,11.965051,-0.15235,0.1428625,0.630575
1692465511226,1.4940001,-3.7909503,10.2630005,-0.3179,-0.016775,1.134375
1692465511255,1.659,-3.3600001,9.31305,-0.4186875,-0.1183875,1.3462625
1692465511284,-0.24300002,-1.9219501,7.4340005,-0.5333625,-0.2415875,1.4713875
1692465511314,0.06705,-1.28505,7.11105,-0.7027625,-0.4401375,1.3002
1692465511342,-0.19995001,-0.804,5.1790504,-0.6831,-0.433675,1.1281875
1692465511371,0.18900001,-1.08405,3.8550003,-0.587125,-0.3510375,0.97185
1692465511400,-0.17595,-0.88305,4.1620502,-0.33673748,-0.1214125,0.4983
1692465511428,-1.0710001,-0.21495001,4.0800004,-0.22495,0.0125124995,-0.14025
1692465511457,-1.6339501,-0.15,3.3100502,-0.18425,0.092675,-0.4037
1692465511489,-0.08205,-1.1560501,5.9350505,0.015125,0.2717,-0.8237625
1692465511516,0.36195,-0.9480001,6.0529504,0.124575,0.1843875,-0.9788625
1692465511548,-0.30705002,-0.16695,6.6780005,0.0664125,0.179025,-1.59555
1692465511577,0.29700002,0.07395,7.1040006,0.1359875,0.2490125,-2.190375
1692465511610,0.45000002,-0.20805001,7.0290003,0.43175,0.379225,-3.8445
1692465511636,0.108,-0.65595,8.391001,0.60445,0.4301,-4.6706
1692465511665,-0.32700002,-2.0389502,9.772051,0.70015,0.3799125,-4.950275
1692465511693,0.58395004,-2.8290002,10.77105,0.548625,0.0867625,-3.042875
1692465511722,1.42005,-2.3719501,9.813001,0.3070375,-0.069025,-1.2401125
1692465511751,0.74205005,-1.1560501,7.6470003,-0.2550625,-0.467775,2.0780375
1692465511779,0.31905,-0.8880001,8.11095,-0.4043875,-0.6469375,2.672725
1692465511807,-0.37695003,-0.74700004,10.075951,-0.32725,-0.6653625,1.929125
1692465511841,0.076950006,-0.86895007,10.72305,-0.1830125,-0.5102625,1.2947
1692465511874,0.57495004,-1.1080501,9.97395,0.10505,-0.0688875,0.1285625
1692465511898,0.56505,-1.2760501,9.0709505,0.195525,0.092125,-0.33715
1692465511928,0.63000005,-1.51995,10.27995,0.2101,0.110825,-0.6373125
1692465511958,0.32295,-1.644,10.534051,0.158125,0.0350625,-0.4789125
1692465511992,-0.351,-1.2970501,9.49695,0.0353375,-0.087725,0.0061875
1692465512022,-0.25695002,-1.1340001,9.232051,-0.0094875,-0.091299996,0.1793
1692465512048,-0.135,-1.065,9.33405,-0.0319,0.02805,0.3586
1692465512077,-0.21195,-0.80895007,9.0070505,-0.01375,0.093775,0.3949
1692465512106,-0.29805002,-0.72300005,8.401051,0.015125,0.13255,0.3859625
1692465512134,-0.19500001,-0.92805004,8.03895,0.0823625,0.1769625,0.1040875
1692465512164,0.18195,-1.29495,8.478001,0.108075,0.2046,-0.150975
1692465512193,0.075,-1.26795,8.394,0.0922625,0.1959375,-0.3507625
1692465512221,-0.11100001,-1.2760501,7.7830505,0.045925,0.1315875,-0.1824625
1692465512250,-0.09,-1.1530501,7.1010003,-0.0490875,-0.0077,0.2088625
1692465512281,-0.09,-1.1530501,7.1010003,-0.0490875,-0.0077,0.2088625
1692465512308,0.043050002,-1.4170501,7.7040005,-0.1282875,-0.0246125,0.29741248
1692465512337,-0.47700003,-1.3879501,7.5100503,-0.155925,-0.033275,0.2996125
1692465512366,0.35895002,-1.6660501,7.86495,-0.201575,-0.051425,0.445775
1692465512396,0.61995006,-1.575,8.19705,-0.21285,-0.0463375,0.606925
1692465512423,0.18495001,-1.1200501,7.5420003,-0.22013749,-0.059125,0.7151375
1692465512454,0.02205,-1.02705,6.9700503,-0.2209625,-0.1067,0.687775
1692465512484,0.16800001,-1.12695,7.2970505,-0.1577125,-0.186725,0.3570875
1692465512513,-0.23595001,-1.14405,7.45305,-0.037675,-0.1280125,0.192225
1692465512543,-0.18495001,-1.23705,8.19705,0.00385,-0.1023,0.2809125
1692465512572,0.064950004,-1.28505,8.57295,0.0265375,-0.0836,0.40535
1692465512600,-0.13695,-1.0720501,9.712951,0.042075,-0.0325875,0.55715
1692465512630,-0.22395001,-1.1389501,9.98805,0.082499996,-0.015125,0.5368
1692465512659,0.031050002,-1.33305,9.993,0.1205875,-0.006875,0.49665
1692465512686,-0.027,-1.4809501,11.04405,0.1651375,-0.013475,0.6843375
1692465512717,-0.231,-1.19895,11.42205,0.153175,-0.0501875,0.8562125
1692465512746,-0.31905,-0.837,10.897051,0.1318625,-0.081675,0.9197375
1692465512774,0.18900001,-0.80595005,11.10105,0.1331,-0.045649998,0.6391
1692465512806,0.12495001,-0.84705,10.675051,0.165275,0.0011,0.406175
1692465512835,-0.094050005,-0.75405,10.552951,0.2303125,0.0336875,-0.0477125
1692465512864,-0.16095,-0.72,10.696051,0.2407625,0.0143,-0.1786125
1692465512898,0.08895,-0.98595005,11.106001,0.2311375,-0.006325,-0.1791625
1692465512928,0.18900001,-0.744,10.998,0.20625,-0.0083875,-0.0317625
1692465512956,0.039,-0.51705,11.200951,0.185075,-0.0308,0.056925
1692465512983,-0.08205,-0.66300005,11.497951,0.1659625,-0.0554125,0.099
1692465513015,-0.28395,-0.675,11.149051,0.157575,-0.066825,0.1087625
1692465513043,-0.058050003,-0.91200006,12.148951,0.1618375,-0.0598125,0.2239875
1692465513071,0.312,-1.2730501,13.02105,0.1496,-0.0308,0.5374875
1692465513101,0.37095,-1.35,13.630951,0.122099996,-0.019524999,0.570075
1692465513129,-0.049050003,-0.70095,12.80805,0.02695,-0.0545875,0.4235
1692465513159,0.076950006,-0.20295002,13.14,-0.0155375,-0.07975,0.28765
1692465513187,0.24900001,-0.78000003,15.445051,0.0169125,-0.0501875,-0.1397
1692465513218,0.11805001,-1.1029501,15.727951,0.0834625,-0.015262499,-0.3603875
1692465513248,0.024,-1.1389501,14.64105,0.13365,0.003575,-0.48894998
1692465513277,0.41400003,-1.2589501,13.405951,0.10945,0.0028875,-0.4140125
1692465513306,0.10305001,-1.4260501,14.872951,0.065175,0.003025,-0.32505
1692465513335,0.0,-2.45295,15.982051,-0.02365,-0.012375,-0.2017125
1692465513362,-0.59895,-2.532,15.352051,-0.0686125,-0.0242,-0.1230625
1692465513393,-0.99705005,-2.058,14.48805,-0.1969,-0.0160875,0.19855
1692465513421,-0.81195,-1.6470001,14.086051,-0.26675,0.011825,0.4378
1692465513452,-0.81000006,-1.5289501,13.38405,-0.304975,0.10725,0.72765
1692465513478,-0.61395,-1.6800001,12.670951,-0.2633125,0.15455,0.6406125
1692465513509,0.19395001,-2.30205,12.36495,-0.160875,0.1931875,0.339625
1692465513538,-0.82395005,-1.812,11.659051,-0.1414875,0.1662375,0.323675
1692465513566,-1.2,-1.33305,11.19705,-0.151525,0.10395,0.3898125
1692465513596,0.26595002,-1.2559501,9.883051,-0.19085,0.003025,0.5539875
1692465513624,0.55095005,-1.33095,8.608951,-0.172425,0.02255,0.5643
1692465513655,1.0009501,-1.7539501,8.394,-0.085525,0.038775,0.1640375
1692465513684,1.1539501,-1.3930501,7.5370502,-0.066,-0.0163625,-0.1951125
1692465513713,0.30405003,-0.56205004,6.024,-0.114125,-0.1755875,-0.676225
1692465513742,-0.48900002,-0.20595,3.3769503,-0.14465,-0.251625,-0.7313625
1692465513771,-0.10395,-0.24105,2.055,-0.0991375,-0.259875,-0.6914875
1692465513800,0.67995006,-1.1179501,2.18205,-0.0364375,-0.1634875,-0.6359375
1692465513831,1.338,-1.8930001,5.88,-0.0094875,0.001925,-0.4442625
1692465513861,0.72105,-1.8019501,5.4139504,-0.1065625,-0.0655875,-0.359975
1692465513888,-0.80100006,-0.79200006,4.827,-0.4052125,-0.39833748,-0.1617
1692465513918,-0.40605003,-0.112050004,5.7250504,-0.4833125,-0.4697,0.0675125
1692465513948,0.20400001,0.35805002,5.7460504,-0.4481125,-0.388575,0.3183125
1692465513977,0.039,-0.65595,9.53295,-0.005225,0.0540375,0.0842875
1692465514006,0.96495,-1.5510001,11.103001,0.289025,0.2173875,-0.4890875
1692465514035,1.4629501,-1.1179501,9.93,0.5649875,0.2542375,-1.0659
1692465514063,1.4629501,-0.51000005,8.48205,0.4994,0.1469875,-0.74965
1692465514091,0.22095,-0.064050004,8.38395,0.28215,-0.2085875,-0.045375
1692465514123,-0.46305,0.41295,9.47595,0.2435125,-0.3224375,-0.093637496
1692465514153,-0.19995001,0.13095,8.99205,0.333575,-0.1843875,-0.5784625
1692465514182,-0.324,0.23400001,8.302951,0.47753748,0.198,-0.70785
1692465514208,0.22500001,-0.093,8.47995,0.49774998,0.3179,-0.66934997
1692465514236,0.75000006,-0.42795002,9.2029505,0.4827625,0.3696,-0.6089875
1692465514267,0.40500003,-0.67695004,9.861,0.382525,0.2869625,-0.26565
1692465514298,-0.09900001,-0.54300004,10.12005,0.282975,0.15785,0.0697125
1692465514327,-0.18495001,-0.23205002,10.15305,0.056375,-0.0449625,0.46873748
1692465514358,0.028950002,-0.12195001,9.84,-0.0011,-0.0284625,0.440825
1692465514388,0.055050004,-0.012,9.625951,0.011825,0.10395,0.2044625
1692465514416,-0.21195,0.22905001,8.932051,0.0484,0.1397,0.0705375
1692465514443,-0.25005,0.14505,8.676001,0.0881375,0.1463,-0.0264
1692465514475,-0.37395,0.24105,8.724,0.1260875,0.1419,-0.1043625
1692465514506,-0.13305001,-0.18405001,9.373051,0.198,0.1802625,-0.3521375
1692465514530,-0.06795,-0.42600003,9.121051,0.1898875,0.192775,-0.3697375
1692465514561,0.112950005,-0.34395,8.877001,0.1568875,0.18755,-0.34553748
1692465514590,0.38295,-0.37305,7.6399503,0.0309375,0.121825,-0.2061125
1692465514621,0.156,-0.177,7.24695,-0.03025,0.0726,-0.11165
1692465514649,0.28800002,-0.10005,7.077,-0.092675,-0.0402875,0.1615625
1692465514671,0.052950002,0.033,6.93795,-0.0886875,-0.0856625,0.2781625
1692465514696,-0.28095,-0.18405001,7.056,-0.062425,-0.1095875,0.2902625
1692465514722,-0.26895002,-0.45405003,7.2949505,-0.022824999,-0.109175,0.171875
1692465514753,0.31905,-0.86100006,6.8500504,0.025575,-0.028875,-0.1711875
1692465514779,0.075,-0.22200002,7.25895,-0.00165,0.0248875,-0.1560625
1692465514806,-0.025050001,-0.38295,7.8120003,-0.067375,0.0446875,0.0688875
1692465514833,0.08400001,0.049950004,6.14895,-0.1797125,-0.0103124995,0.6150375
1692465514864,-0.034950003,0.28905,5.3920503,-0.164175,-0.0246125,0.6224625
1692465514895,-0.57795,0.51900005,5.6509504,-0.033825,-1.375E-4,0.12595
1692465514931,-0.62595004,0.51900005,6.6889505,0.0595375,0.0380875,-0.24365
1692465514960,0.058050003,0.076050006,8.142,0.276375,0.1973125,-0.949025
1692465514995,0.32295,-0.15795001,9.80805,0.3664375,0.28105,-1.0357875
1692465515019,-0.24795002,0.08295,9.978001,0.3146,0.20845,-0.840675
1692465515057,-0.60705,-0.354,11.017051,0.121825,-0.0262625,-0.27665
1692465515083,-0.15900001,-0.67695004,11.93595,0.0518375,-0.0642125,0.1203125
1692465515111,-0.48000002,-0.69900006,11.93595,-0.051425,0.0265375,1.0274
1692465515139,-0.75000006,-0.75405,12.784051,-0.124437496,0.0666875,1.3935624
1692465515168,-0.43905002,-1.218,13.423051,-0.2501125,0.0851125,1.6115
1692465515198,-0.0010500001,-1.0170001,13.85595,-0.27775,0.0947375,1.46685
1692465515227,0.321,-1.2349501,14.481001,-0.2938375,0.095425,1.2326875
1692465515255,0.50805,-0.591,13.270051,-0.2985125,0.0125124995,0.663025
1692465515285,-0.82005006,0.354,12.288,-0.23333749,-0.120037496,0.0155375
1692465515313,-0.63795,0.55905,11.953051,-0.15675,-0.13915,-0.2979625
1692465515343,-0.24300002,0.246,12.8550005,-0.0484,-0.0979,-0.5457375
1692465515371,-0.231,0.25800002,12.154051,0.16995,0.0482625,-0.7365875
1692465515401,0.30405003,-0.060000002,12.417001,0.230725,0.0721875,-0.6887375
1692465515429,0.30405003,-0.033,11.5990505,0.24475,0.0281875,-0.402875
1692465515461,-0.20205002,0.30600002,12.1060505,0.2134,-0.0158125,-0.1959375
1692465515488,-0.50595003,0.46395,13.875001,0.1511125,-0.0941875,0.0719125
1692465515517,-0.62595004,0.66705,14.233951,0.1494625,-0.088,0.1313125
1692465515546,-0.10395,0.18795002,13.687951,0.1648625,-0.047849998,0.202675
1692465515574,0.61605,-0.16695,14.103001,0.1904375,0.0433125,0.3267
1692465515604,1.233,-1.1220001,14.940001,0.1711875,0.0452375,0.3751
1692465515631,1.2210001,-1.24395,15.567,0.1197625,-4.125E-4,0.4464625
1692465515666,0.61305004,-2.1319501,16.803001,-0.1731125,-0.2605625,0.5927625
1692465515695,0.055050004,-2.4409502,18.59505,-0.2792625,-0.295075,0.5401
1692465515720,-1.16205,-2.298,17.595001,-0.3711125,-0.2795375,0.4973375
1692465515748,-2.0689502,-1.8859501,15.309001,-0.4862,-0.122237496,0.46365
1692465515775,-0.67395,-2.1660001,13.650001,-0.4954125,0.0155375,0.4035625
1692465515803,-0.135,-1.7850001,11.271001,-0.4753375,0.1667875,0.319275
1692465515834,0.393,-1.58895,8.97105,-0.4068625,0.31845,0.176
1692465515861,0.21795002,-1.7950501,9.83205,-0.380875,0.2729375,0.1728375
1692465515892,0.49605003,-2.499,10.31805,-0.35585,0.070125,0.3304125
1692465515916,0.29505002,-2.43405,9.033,-0.3568125,-0.0169125,0.3488375
1692465515948,0.68505,-2.1040502,5.5090504,-0.4126375,-0.122925,0.3004375
1692465515978,-0.372,-0.49500003,4.34805,-0.46365,-0.156475,0.300575
1692465516006,-0.80505,0.39705002,3.9870002,-0.5094375,-0.180125,0.275
1692465516036,-0.31005,0.19800001,5.72205,-0.43353748,-0.1016125,-0.091575
1692465516066,0.21105,0.025950002,4.425,-0.2545125,0.0573375,-0.5457375
1692465516095,0.44595003,-0.30600002,4.3840504,0.1951125,0.4398625,-2.0651126
1692465516125,0.43095002,-0.36405003,4.8370504,0.33275,0.525525,-2.899875
1692465516153,-0.40305,-0.58605003,5.29605,0.3546125,0.440825,-3.7552624
1692465516181,-0.83205,-0.18195,4.3840504,0.2957625,0.3311,-3.589575
1692465516212,1.3099501,-1.074,7.5870004,0.1837,0.237325,-2.3637624
1692465516240,1.7520001,-1.83105,9.436951,0.1467125,0.271975,-1.665125
1692465516270,0.055050004,-2.283,10.488001,0.0144375,-0.07645,-0.3498
1692465516299,0.16605,-1.70895,9.64095,-0.1166,-0.4272125,0.4538875
1692465516326,1.2229501,-1.12905,8.68605,-0.2849,-0.709775,2.048475
1692465516356,0.46500003,-0.25800002,7.63005,-0.252175,-0.656975,2.547325
1692465516383,0.08400001,-0.055050004,7.8499503,-0.1681625,-0.5742,2.5741374
1692465516410,-0.13305001,0.27705002,7.8120003,0.0677875,-0.39214998,1.577675
1692465516441,-0.50100005,0.27705002,7.7070003,0.21505,-0.276375,1.144825
1692465516471,0.058050003,0.00405,9.09,0.4885375,-0.0042625,0.6197125
1692465516497,0.21105,-0.34905002,10.387951,0.5704875,0.1043625,0.4213
1692465516528,0.53895,-0.555,9.873,0.5779125,0.183975,0.13915
1692465516560,0.0,-0.84900004,9.097051,0.5047625,0.16335,-0.056925
1692465516595,-0.03195,-0.897,10.1320505,0.27335,0.0826375,-0.2963125
1692465516622,0.252,-0.92805004,11.23995,0.1573,0.0567875,-0.1392875
1692465516650,0.216,-0.70305,11.175,0.064625,0.0463375,0.137775
1692465516678,0.216,-0.70305,11.175,0.064625,0.0463375,0.137775
1692465516704,-0.43905002,0.052050002,8.856,-0.0328625,0.0224125,0.6274125
1692465516734,-2.9479501,0.11895001,8.511001,0.0583,0.0820875,0.2336125
1692465516762,0.54795,-0.56895,9.571051,0.12815,0.139425,-0.1254
1692465516790,0.112950005,-0.37095,9.32205,0.2300375,0.210375,-0.6087125
1692465516821,-0.13005,-0.13395001,9.033,0.2355375,0.194975,-0.65725
1692465516846,0.20595,-0.56505,9.84405,0.15853749,0.098037496,-0.5885
1692465516876,-0.22800002,-0.28500003,9.241051,0.104637496,0.0507375,-0.5434
1692465516908,-0.58695,-0.15300001,8.248051,0.0224125,-0.012375,-0.394075
1692465516937,-0.28605002,-0.26295,8.52495,0.0081124995,-0.003575,-0.26675
1692465516965,0.108,-0.48105,8.46105,0.026675,0.10285,-0.085525
1692465516997,-0.44595003,-0.37305,8.51595,0.032175,0.1296625,-0.0251625
1692465517025,-0.13005,-0.57705003,7.76205,0.0026125,0.083325,0.1408
1692465517058,0.10305001,-0.70095,7.2660003,-0.0199375,0.066825,0.2234375
1692465517080,0.043050002,-0.78195006,7.0650005,-0.0457875,0.057475,0.3306875
1692465517113,-0.27405003,-0.43995002,7.0320005,-0.125125,-0.0037125,0.6254875
1692465517142,-0.034950003,-0.25305,6.9030004,-0.1639,-0.0334125,0.70125
1692465517169,-0.16395001,-0.18900001,6.6510005,-0.1769625,-0.0361625,0.66495
1692465517200,0.00795,-0.42795002,7.5820503,-0.1054625,0.0066,0.42061248
1692465517229,0.132,-0.43995002,7.7040005,-0.0177375,0.02255,0.197725
1692465517257,-0.45600003,-0.19800001,6.5119505,-0.0012375,0.0116875,-0.0031625
1692465517287,0.087000005,-0.91200006,7.8499503,0.0015125,-0.0121,-0.22165
1692465517316,0.10305001,-1.1370001,8.99895,-0.0094875,-2.75E-4,-0.073975
1692465517344,0.063,-0.96195006,9.13095,-0.046475,0.0056375,0.1610125
1692465517376,0.19905001,-0.74205005,9.394051,-0.17325,-0.0699875,0.6307125
1692465517401,-0.60705,-0.33,9.265051,-0.2116125,-0.1159125,0.8177125
1692465517430,-0.16095,-0.71505004,10.219951,-0.166375,-0.132,0.8476875
1692465517461,0.66300005,-1.0669501,11.674951,-0.1010625,-0.087037496,0.6840625
1692465517490,-0.231,-0.39000002,10.869,-0.0103124995,-0.017875,0.2541
1692465517518,-0.17805001,-0.22695,10.13595,-0.0077,-0.0471625,0.0785125
1692465517547,0.192,-0.25800002,10.503,2.75E-4,-0.0792,-0.0125124995
1692465517578,0.381,-0.68700004,11.577001,0.0925375,-0.0567875,0.037125
1692465517607,-0.08205,-0.64605004,11.295,0.154,-0.0655875,0.0642125
1692465517637,0.036000002,-0.77805007,11.40495,0.13859999,-0.091299996,0.083875
1692465517674,-0.43905002,-0.57405,11.68305,0.0677875,-0.093637496,0.2937
1692465517693,-0.573,-0.64605004,11.57205,0.0402875,-0.0669625,0.4104375
1692465517724,-0.38205,-0.33705002,12.517951,0.026675,-0.0262625,0.4725875
1692465517753,0.015000001,0.058950003,12.274051,0.0264,0.0262625,0.469425
1692465517781,-0.039,0.04695,12.26895,0.062975,0.1137125,0.27665
1692465517810,0.38595003,-0.40695003,12.40995,0.1595,0.093637496,-0.1057375
1692465517838,0.16605,-0.648,12.35805,0.197175,0.0540375,-0.2671625
1692465517868,-0.05595,-0.615,11.92395,0.197175,0.00935,-0.3529625
1692465517900,-0.079950005,-0.62205005,11.74005,0.103125,-0.0482625,-0.2932875
1692465517928,-0.36195,-0.26805001,11.934001,0.0081124995,-0.0361625,0.0213125
1692465517958,-0.82005006,0.049950004,12.304951,-0.015675,-0.0229625,0.194425
1692465517985,-0.47700003,0.31800002,12.384001,0.005775,0.044,0.2706
1692465518014,0.075,0.052050002,13.033051,0.0506,0.1018875,0.1375
1692465518044,0.63000005,-0.34905002,14.892001,0.104225,0.14795,-0.1005125
1692465518076,-0.264,-0.34005,13.521001,0.17215,0.10175,-0.654775
1692465518104,-0.48000002,-0.47100002,12.61095,0.1601875,0.021724999,-0.7555625
1692465518131,0.69405,-1.51005,15.1060505,0.07425,-0.0589875,-0.5489
1692465518162,0.02205,-1.4500501,14.857051,0.022275,-0.039875,-0.374
1692465518190,-0.786,-1.0390501,13.252951,-0.129525,-0.0460625,0.004125
1692465518217,-0.25500003,-1.1560501,13.687951,-0.2046,-0.0666875,0.14685
1692465518250,-0.109050006,-1.4959501,14.269951,-0.2479125,-0.0270875,0.2495625
1692465518276,-0.054,-1.9909501,15.462001,-0.2374625,2.75E-4,0.22013749
1692465518305,-0.91995007,-1.4290501,13.066051,-0.242275,0.011275,0.0125124995
1692465518337,-0.28095,-1.4650501,12.05805,-0.2545125,0.0209,-0.0647625
1692465518366,0.097950004,-1.7179501,12.003,-0.2572625,0.051425,-0.061875
1692465518396,-0.051000003,-1.44105,10.06005,-0.24035,0.1137125,-0.0397375
1692465518424,-0.19500001,-0.768,8.746051,-0.2382875,0.1021625,-0.1241625
1692465518454,-1.2580501,-0.052050002,7.5460505,-0.2275625,0.0460625,-0.2756875
1692465518483,-0.15705001,-0.84195006,7.5660005,-0.1881,0.048675,-0.300575
1692465518513,0.975,-1.6609501,8.286,-0.0273625,0.15345,-0.3848625
1692465518539,1.19505,-1.8550501,5.68905,0.0155375,0.167475,-0.386925
1692465518570,-1.9660501,-0.94500005,4.81995,-0.1269125,-0.06985,-0.2341625
1692465518598,-1.18095,-1.51995,6.25605,-0.2464,-0.1852125,-0.132825
1692465518627,1.02495,-2.3070002,8.04705,-0.32793748,-0.1588125,0.0028875
1692465518658,0.50505,-1.7520001,6.0649505,-0.383075,0.1464375,0.370975
1692465518687,0.12705001,-1.182,5.0070004,-0.4574625,0.007425,0.1412125
1692465518715,0.312,-1.0390501,5.787,-0.4723125,-0.1364,-0.1183875
1692465518743,-0.12795001,-0.43995002,4.155,-0.44385,-0.2074875,-0.2454375
1692465518773,-0.13305001,0.054,6.6220503,-0.2715625,-0.2063875,-0.0840125
1692465518802,-1.72905,-0.60105,6.6610503,-0.1309,-0.1665125,-0.0587125
1692465518830,0.47400004,-1.5289501,10.64595,0.2316875,0.0532125,-0.4827625
1692465518862,1.6210501,-1.3930501,8.86095,0.350625,0.1706375,-0.5644375
1692465518889,1.09905,-0.42600003,7.1509504,0.3675375,0.2008875,-0.4145625
1692465518919,1.09905,-0.42600003,7.1509504,0.3675375,0.2008875,-0.4145625
1692465518944,-0.22605,-0.39705002,9.966001,0.230175,-0.315425,-0.2960375
1692465518977,-1.00905,-0.51000005,9.727051,0.3425125,-0.36685,-0.5677375
1692465519005,-1.26495,-0.076050006,9.27,0.400675,-0.2189,-0.6006
1692465519032,-0.38205,-0.32505003,9.705001,0.4214375,2.75E-4,-0.506825
1692465519062,0.61605,-0.873,10.218,0.38225,0.421025,-0.21133749
1692465519092,0.34500003,-1.20105,10.201051,0.2908125,0.4048,-0.1249875
1692465519118,-0.102000006,-0.9979501,10.49295,0.2050125,0.2233,-0.0176
1692465519148,-0.29295,-0.89295006,10.705951,0.0037125,-0.08525,0.3730375
1692465519177,-0.60705,-0.38700002,10.111951,-0.0567875,-0.1082125,0.4395875
1692465519208,-0.40800002,-0.124050006,9.14295,-0.056375,-5.5E-4,0.39875
1692465519236,-0.3,-0.00705,8.394,-0.0056375,0.06215,0.330275
1692465519265,0.072000004,-0.246,8.22105,0.135025,0.1375,0.080575
1692465519294,0.23505001,-0.70605004,8.776951,0.188375,0.1348875,0.0169125
1692465519323,0.19905001,-0.81105006,9.291,0.2101,0.1051875,-0.0180125
1692465519352,0.14895001,-0.57405,8.6980505,0.130075,-0.0092124995,-0.1276
1692465519381,0.039,-0.46395,8.286,0.0548625,-0.0639375,-0.1332375
1692465519409,-0.28605002,-0.33495003,8.15205,-0.02585,-0.1023,-0.10065
1692465519440,0.0,-0.48600003,7.965,-0.017324999,-0.08305,-0.1324125
1692465519468,-0.06105,-0.57705003,7.7070003,0.02145,-0.0169125,-0.150975
1692465519498,-0.11400001,-0.67200005,7.6519504,0.0218625,-9.625E-4,-0.0765875
1692465519527,0.06705,-0.66495,7.9489503,0.00495,0.0012375,8.25E-4
1692465519556,0.00795,-0.45405003,7.4700003,-0.023375,9.625E-4,0.0097624995
1692465519584,-0.13995,-0.54300004,7.06995,-0.0719125,0.0083875,-0.1907125
1692465519612,-0.11595,-0.56205004,7.2349505,-0.0561,0.013612499,-0.177375
1692465519642,-0.12795001,-0.69105005,7.4410505,-0.037675,0.0248875,-0.1126125
1692465519671,-0.43395,-0.33495003,7.0410004,-0.038775,0.0356125,0.1716
1692465519699,-0.846,-0.23400001,6.7830005,-0.0528,0.026124999,0.3900875
1692465519728,0.0,-0.84000003,8.679001,-0.029975,0.0683375,0.71596247
1692465519757,0.31605002,-0.933,9.595051,1.375E-4,0.128975,0.760925
1692465519788,-0.30705002,-0.37995002,7.8769503,-0.018975,0.0955625,0.7720625
1692465519816,-0.21195,-0.28695002,8.36505,-0.0534875,-0.00495,0.7821
1692465519849,-0.11100001,-0.55305004,9.232051,-0.0265375,-0.07865,0.5867125
1692465519878,0.11505,-1.00695,10.242001,0.0284625,-0.047025,0.3023625
1692465519905,-0.13305001,-0.91605,10.311001,0.066825,-0.0224125,0.0400125
1692465519936,-0.066,-0.342,10.56,0.0265375,-0.0284625,-0.1489125
1692465519964,-0.27195,0.030000001,10.146001,-0.0121,-0.026675,-0.2748625
1692465519994,-0.18495001,-0.55695003,10.842001,0.0295625,0.0209,-0.7118375
1692465520024,0.53205,-1.1029501,12.550951,0.1436875,0.073425,-0.81565
1692465520053,-0.09705,-0.957,11.637,0.13805,0.0622875,-0.6692125
1692465520082,-0.633,-0.69600004,10.701,0.088275,0.0089375,-0.468875
1692465520109,0.01905,-1.02405,11.236951,0.0257125,-0.0570625,-0.2883375
1692465520139,0.015000001,-1.0000501,11.910001,-0.0523875,-0.07535,-0.060775
1692465520167,-0.41295,-0.84195006,11.857051,-0.087037496,-0.0339625,-0.0320375
1692465520197,-0.86295,-0.76995003,10.941001,-0.093225,-0.0290125,-0.086625
1692465520225,-0.66405004,-0.87600005,11.54895,-0.0847,-0.0111375,-0.109037496
1692465520257,-0.44400004,-0.71505004,12.139951,-0.045375,0.0672375,0.116875
1692465520280,-0.564,-0.66795003,11.383051,-0.0317625,0.100375,0.28393748
1692465520312,-0.77205,-0.21000001,10.75905,-4.125E-4,0.110825,0.36355
1692465520339,-0.63105005,-0.27,11.629951,0.0303875,0.106975,0.30635
1692465520368,-0.43905002,-0.41400003,12.573001,0.1034,0.1219625,0.2519
1692465520397,-0.40095,-0.59805006,12.867001,0.13035,0.12485,0.253
1692465520428,-0.693,-0.49005002,13.023001,0.143,0.091299996,0.149875
1692465520456,-0.279,-0.45705003,14.064001,0.1280125,0.0647625,0.0471625
1692465520487,-0.55905,-0.34905002,14.758051,0.0848375,0.0389125,-0.0424875
1692465520516,-1.2720001,0.18105,13.99005,0.0787875,0.0328625,-0.0551375
1692465520551,0.61305004,-1.29495,14.469001,0.125675,0.042075,-0.223575
1692465520568,0.97200006,-1.6129501,14.916,0.1529,0.0592625,-0.2679875
1692465520603,0.51000005,-1.7659501,16.14195,0.135575,0.0342375,-0.203775
1692465520632,-1.011,-1.5990001,15.508051,-0.0628375,-0.1854875,-0.0581625
1692465520665,-0.40095,-1.5600001,15.370951,-0.2382875,-0.2589125,-0.083875
1692465520696,-0.40305,-1.7590501,14.96205,-0.2657875,-0.189475,-0.0132
1692465520723,-0.53505003,-1.764,14.34405,-0.26565,-0.1073875,0.0826375
1692465520752,-0.48000002,-1.9620001,13.549951,-0.2366375,-0.012925,0.1596375
1692465520781,0.66105,-2.592,12.52995,-0.2283875,0.0089375,0.229625
1692465520810,0.42600003,-2.2740002,11.347051,-0.2338875,0.018424999,0.36135
1692465520839,-0.15405001,-2.025,10.14795,-0.3012625,-0.0385,0.5764
1692465520870,0.02205,-1.2040501,9.727051,-0.3667125,-0.121825,0.5812125
1692465520902,0.82095003,-0.36600003,6.9340506,-0.3634125,-0.12773749,0.5410625
1692465520928,-0.006,0.13800001,6.08895,-0.24255,-0.092125,0.1662375
1692465520957,-0.94395006,-0.75795,6.9810004,-0.132,-0.0710875,-0.175725
1692465520984,-0.054,-1.8400501,9.49695,-0.015262499,-0.046475,-0.485375
1692465521012,0.40005,-1.9939501,7.7980504,0.1073875,0.059125,-0.586025
1692465521044,-0.12795001,-1.2280501,4.92495,0.0529375,0.0928125,-0.401225
1692465521072,0.26805001,-1.09095,3.8820002,-0.1808125,0.003575,-0.0325875
1692465521100,1.3219501,-1.4569501,5.0880003,-0.26633748,-0.0501875,0.1296625
1692465521129,1.22595,-1.419,5.091,-0.317625,-0.0886875,0.30745
1692465521158,-0.30705002,-0.87600005,3.5419502,-0.36905,-0.258775,0.3947625
1692465521186,-0.49395,-0.402,3.0990002,-0.367125,-0.4455,0.297275
1692465521216,0.51495004,-0.65805006,6.768,-0.323675,-0.39421248,0.5583875
1692465521241,0.064950004,-1.1770501,8.88195,-0.2561625,-0.2770625,0.9461375
1692465521272,-0.61905,-1.0000501,9.588,-0.1593625,-0.1802625,1.162425
1692465521302,0.74205005,-0.33495003,7.4269505,0.1348875,-0.1122,0.8657
1692465521332,0.75900006,0.17400001,7.4820004,0.3636875,-0.001925,0.3466375
1692465521360,0.37095,0.033,8.809951,0.440825,0.0242,-0.232375
1692465521389,-0.11400001,-0.34695002,10.593,0.5669125,-0.04015,-1.508375
1692465521418,-0.915,-0.08805001,10.653001,0.5960625,-0.0441375,-1.736075
1692465521447,-0.88005006,0.17595,9.258,0.5498625,0.126225,-1.276275
1692465521475,0.28800002,-0.064050004,9.085951,0.50875,0.26427498,-0.890175
1692465521505,0.855,-0.58605003,9.892051,0.4797375,0.3784,-0.580525
1692465521533,0.79005,-0.97395,9.898951,0.4046625,0.335775,-0.513975
1692465521564,0.30405003,-0.88305,10.09305,0.185625,-0.0083875,-0.626725
1692465521593,0.27600002,-0.88305,10.408951,0.185625,-0.0083875,-0.626725
1692465521622,0.36195,-0.67695004,10.510051,-0.0396,-0.19635,-0.0028875
1692465521651,-0.28095,-0.10695001,9.208051,-0.114125,-0.1772375,0.56815
1692465521680,-0.19305001,0.21495001,8.632951,-0.1051875,-0.144925,0.5929
1692465521708,-0.05595,0.17895001,8.575951,-0.062425,-0.0900625,0.443025
1692465521739,0.16800001,-0.16005,8.81295,0.100099996,0.06215,-0.1907125
1692465521769,0.29205,-0.38505003,8.776951,0.174625,0.1093125,-0.480425
1692465521798,0.034050003,-0.273,8.451,0.203225,0.08965,-0.438625
1692465521827,0.20595,-0.522,8.587951,0.1120625,-9.625E-4,0.072325
1692465521856,0.3,-0.49500003,8.415,0.069575,-0.0265375,0.2871
1692465521885,-0.08505,-0.28500003,7.8480005,0.035475,-0.0361625,0.4569125
1692465521915,0.015000001,-0.38295,7.45305,-0.01375,-0.027775,0.3210625
1692465521943,0.097950004,-0.31095,7.2970505,-0.0242,-0.00275,0.0213125
1692465521970,-0.09,-0.105000004,6.972,-0.029424999,0.046475,-0.2063875
1692465522004,-0.31005,0.13605,6.5550003,-0.027224999,0.0460625,-0.072325
1692465522021,-0.47295,0.22005,6.35895,-0.0127875,0.042625,0.0363
1692465522058,-0.25500003,0.03795,6.93795,0.069299996,0.091299996,-0.11825
1692465522086,-0.303,-0.061950002,6.81405,0.1183875,0.1331,-0.25355
1692465522113,-0.14205001,-0.32805002,6.6510005,0.1579875,0.1821875,-0.2732125
1692465522145,0.15795001,-0.28500003,7.7470503,0.1417625,0.1794375,-0.1684375
1692465522174,0.40695003,-0.21300001,8.19495,0.10505,0.16335,-0.029424999
1692465522204,-0.21195,0.18405001,7.6420503,0.0100375,0.08195,0.235125
1692465522232,-0.039,0.162,8.691,-0.0056375,-0.034649998,0.3059375
1692465522261,0.13395001,0.028050002,9.471001,0.0350625,-0.053075,0.19745
1692465522295,-0.24495001,-0.23700002,9.76095,0.1225125,-0.02915,-0.056925
1692465522314,-0.35505003,-0.28905,9.98805,0.126225,-0.0262625,-0.0072875
1692465522348,0.15795001,-0.51405,10.744051,0.098175,-0.0248875,0.131725
1692465522378,0.252,-0.42795002,10.375951,-0.0075625,0.0143,0.40755
1692465522420,0.75195,-0.63600004,11.854951,-0.1016125,-0.0185625,0.7643625
1692465522445,0.77295005,-0.462,12.292951,-0.1280125,-0.0724625,0.913275
1692465522473,0.54105,-0.33705002,11.65095,-0.142725,-0.127325,0.875875
1692465522500,0.11805001,-0.10305001,11.60805,-0.14093749,-0.22013749,0.2233
1692465522529,0.16305001,-0.10305001,11.497951,-0.072875,-0.208175,-0.0859375
1692465522557,0.37905002,-0.35205,12.06795,-0.024475,-0.1533125,-0.051975
1692465522585,0.63000005,-0.72705,12.408001,0.015675,-0.093637496,-0.0463375
1692465522622,0.036000002,-0.61005,11.86005,0.0284625,-0.0342375,-0.185075
1692465522645,-0.051000003,-0.71505004,11.497951,-0.050875,-0.032725,-0.2915
1692465522674,-0.051000003,-0.462,12.307051,-0.0873125,-0.015675,-0.2473625
1692465522702,0.003,-0.29700002,12.160951,-0.1018875,0.0138875,-0.1194875
1692465522729,-0.19005,-0.282,12.09,-0.07315,0.0627,0.1412125
1692465522760,-0.20505,-0.23205002,11.61795,-0.0441375,0.0768625,0.099825
1692465522790,-0.075,-0.14595,12.262051,0.0143,0.104637496,-0.14685
1692465522820,-0.31500003,0.028050002,13.33905,0.0396,0.115775,-0.13859999
1692465522849,-0.67095006,0.231,13.320001,0.081675,0.1194875,0.066275
1692465522877,-0.042000003,-0.10305001,13.70505,0.1027125,0.1255375,0.1373625
1692465522909,-0.22800002,-0.165,13.621051,0.137775,0.142175,0.0930875
1692465522937,-0.087000005,-0.25305,13.878,0.1353,0.12925,-0.021175
1692465522966,1.04205,-0.8880001,13.82295,0.117975,0.102575,-0.14465
1692465522994,0.91200006,-0.97605,13.498951,0.0567875,0.0231,-0.3113
1692465523022,0.37605003,-0.77295005,14.401951,0.004125,-0.0521125,-0.351725
1692465523052,-0.21195,-1.728,15.9529505,-0.0617375,-0.14025,-0.3356375
1692465523081,-0.90795004,-1.8600001,16.056002,-0.1775125,-0.198825,-0.0105875
1692465523110,-1.6380001,-1.3279501,13.542001,-0.27335,-0.0675125,0.5665
1692465523138,-1.07595,-1.8600001,13.135951,-0.3084125,0.027775,0.7357625
1692465523169,0.87405,-3.1999502,13.834051,-0.3125375,0.2217875,0.784575
1692465523192,0.62505,-3.009,13.2289505,-0.3202375,0.2586375,0.7313625
1692465523224,-0.573,-2.3790002,12.93,-0.425425,0.126225,0.4378
1692465523255,-0.11595,-2.3119502,12.903001,-0.474375,0.0411125,0.27445
1692465523285,0.24405001,-1.9270501,10.467001,-0.4838625,0.0031625,0.162525
1692465523314,0.91200006,-1.4290501,7.9030504,-0.4125,0.0111375,-0.061875
1692465523342,-1.07295,-0.11505,7.017,-0.362175,0.0020625,-0.243375
1692465523371,-1.3770001,-0.21300001,6.3469505,-0.3092375,-0.022824999,-0.4239125
1692465523399,-0.49395,-0.8880001,5.7990003,-0.140525,0.0169125,-0.656425
1692465523429,0.86895007,-1.47405,6.56295,0.0528,0.242,-0.7330125
1692465523461,0.079050004,-0.90195006,5.52405,0.0528,0.242,-0.7330125
1692465523485,-1.18605,0.20805001,3.55905,0.02035,0.2558875,-0.8083625
1692465523514,-0.46305,-0.38295,4.368,-0.015675,0.170775,-0.8812375
1692465523544,0.15405001,-1.24905,5.727,0.047575,0.2270125,-1.016675
1692465523573,0.453,-1.43295,5.6119504,0.1617,0.35145,-1.2148125
1692465523602,0.41400003,-0.94500005,5.17395,0.10285,0.27115,-0.9876625
1692465523631,0.096,-0.65595,5.8110003,-0.147675,-0.1040875,-0.0446875
1692465523661,-0.73395,-0.94995004,9.234,-0.2127125,-0.2586375,0.30965
1692465523690,0.39495003,-1.1920501,9.36795,-0.1309,-0.3444375,0.83985
1692465523718,0.9289501,-0.45000002,7.7380505,-0.0308,-0.311575,1.1545875
1692465523748,0.59895,0.16005,7.6110005,0.1205875,-0.3223,1.1919875
1692465523773,0.043050002,0.033,9.01395,0.1824625,-0.36905,0.771925
1692465523806,-0.77895004,-0.00405,9.234,0.37193748,-0.3485625,-0.060775
1692465523840,-1.6480501,0.60705,8.724,0.4566375,-0.2432375,-0.228525
1692465523866,-0.42705002,0.246,8.76,0.52525,0.1252625,-0.216975
1692465523894,0.46005002,-0.46905002,9.03495,0.54835,0.3235375,-0.1934625
1692465523923,0.68505,-1.0309501,10.074,0.5588,0.43065,-0.22013749
1692465523952,0.27600002,-0.91200006,11.029051,0.3873375,0.212025,-0.1101375
1692465523980,-0.01995,-0.53595,10.404,0.2063875,0.0059125,0.1973125
1692465524010,-0.19005,0.13305001,10.029,-0.0627,-0.1989625,0.768625
1692465524038,0.11505,0.33195,10.08405,-0.0735625,-0.1722875,0.7425
1692465524069,0.34305,0.17595,9.804001,-0.01375,-0.1071125,0.5039375
1692465524098,0.47400004,-0.01905,9.47595,0.1645875,-0.0286,-0.1835625
1692465524127,0.43605003,-0.27495003,9.721951,0.2308625,-0.08745,-0.62095
1692465524156,0.35700002,-0.49500003,9.66195,0.213125,-0.127325,-0.718575
1692465524186,0.33495003,-0.45405003,9.916051,0.1164625,-0.1596375,-0.5977125
1692465524213,0.17505,-0.33,9.954,0.0561,-0.1529,-0.3768875
1692465524240,0.003,-0.07395,9.700951,0.004675,-0.1375,-0.1326875
1692465524272,-0.384,0.291,9.595051,-0.0303875,-0.0759,0.1491875
1692465524300,-0.39105,0.363,9.65295,-0.0081124995,-0.0243375,0.1373625
1692465524330,-0.19995001,0.19800001,9.8539505,0.096525,0.10615,-0.095425
1692465524357,-0.28095,0.15705001,9.954,0.1511125,0.1607375,-0.22165
1692465524388,-0.123,0.12105001,9.733951,0.18975,0.1907125,-0.2432375
1692465524417,-0.063,0.117000006,9.721951,0.17655,0.174625,-0.191125
1692465524447,-0.042000003,0.07095,9.98805,0.1288375,0.1189375,-0.2231625
1692465524476,-0.18495001,0.13800001,9.9210005,0.102437496,0.08745,-0.22165
1692465524504,-0.44400004,0.29595003,9.45195,0.0776875,0.05995,-0.148225
1692465524534,-0.34095,0.33195,9.4800005,0.049775,0.0380875,0.075075
1692465524559,-0.57600003,0.36600003,9.67695,0.054725,0.0496375,0.132825
1692465524585,-0.15405001,0.16695,9.92595,0.0897875,0.1032625,0.095837496
1692465524609,-0.109050006,0.094950005,9.660001,0.103125,0.1230625,0.0198
1692465524645,-0.31500003,0.10695001,9.693001,0.102025,0.121,-0.0675125
1692465524670,-0.19695,0.16695,9.96405,0.0600875,0.071775,-0.113299996
1692465524695,-0.102000006,0.11400001,9.769951,0.0367125,0.0521125,-0.064075
1692465524723,-0.32700002,0.24795002,9.64305,0.01705,0.0416625,0.0099
1692465524751,-0.08205,0.15705001,9.877951,0.006325,0.0319,0.287375
1692465524778,-0.11595,0.19305001,9.712951,0.007425,0.0265375,0.467225
1692465524807,0.031050002,0.13800001,9.769951,0.006325,-2.75E-4,0.62645
1692465524840,-0.07305,0.105000004,9.993,0.0037125,-0.02145,0.5468375
1692465524871,-0.20895001,0.28695002,9.648001,-0.0070125,-0.05995,0.35694999
1692465524902,-0.003,0.22695,9.693001,-0.01155,-0.06435,0.3350875
1692465524928,-0.20700002,0.28395,9.3820505,-0.010175,-0.056375,0.31625
1692465524957,-0.28800002,0.141,8.99205,0.00165,-0.031075,0.132825
1692465524987,-0.18105,-0.08295,9.48795,0.02475,-0.0088,-0.2803625
1692465525016,-0.26895002,-0.08805001,9.31305,0.0237875,0.0064625,-0.4750625
1692465525043,-0.46095002,-0.055050004,8.779051,0.005225,0.018975,-0.5358375
1692465525073,-0.60195005,0.061950002,8.2240505,-0.0631125,0.039325,-0.1672
1692465525104,-0.564,0.066,7.7190003,-0.0856625,0.058025,0.0730125
1692465525132,-0.76695,0.15,7.149,-0.0779625,0.111237496,0.1175625
1692465525159,-0.79800004,0.010950001,6.8040004,-0.0584375,0.1398375,0.0020625
1692465525189,-0.31005,0.034950003,7.2040505,-0.0319,0.2061125,0.098725
1692465525216,-0.41295,0.21705002,6.3300004,-0.0372625,0.2319625,0.329175
1692465525246,-0.36705002,-0.10305001,6.1600504,-0.0496375,0.232925,0.55495
1692465525274,-0.13995,-0.36405003,7.2379503,-0.0501875,0.163075,0.73645
1692465525305,-0.11400001,-0.08595,7.4119506,-0.0501875,0.1166,0.6824125
1692465525334,-0.20700002,0.28695002,6.90705,-0.1027125,6.875E-4,0.3837625
1692465525363,-0.46995002,0.363,7.1389503,-0.113575,-0.058575,0.1901625
1692465525392,0.024,0.054,8.391001,-0.0116875,-0.1034,-0.2498375
1692465525421,0.26595002,0.052050002,8.467951,0.0572,-0.0930875,-0.38747498
1692465525450,0.50100005,0.045,8.06295,0.0922625,-0.13035,-0.3606625
1692465525479,0.25395,0.14295001,8.937,0.069025,-0.1951125,-0.3152875
1692465525507,-0.25995,-0.069000006,9.990001,0.0273625,-0.3092375,-0.3223
1692465525537,-0.066,-0.32805002,10.017,0.0177375,-0.3048375,-0.3001625
1692465525565,-0.44895002,0.16695,9.222,0.003575,-0.2475,-0.175725
1692465525595,-0.98205006,0.51600003,9.14805,-0.0268125,-0.16293749,0.0779625
1692465525630,-0.13695,-0.18195,10.704,-0.0727375,-0.0083875,0.6138
1692465525656,0.27795002,-0.54300004,11.7619505,-0.01265,0.1254,0.8512625
1692465525686,0.12705001,-0.27705002,11.91495,-0.01375,0.131175,0.96965
1692465525714,-0.19695,0.22005,10.905001,-0.11,-0.011825,0.91355
1692465525744,-0.36495003,0.44205,10.548,-0.11,-0.011825,0.91355
1692465525773,-0.56805,0.67395,11.380951,-0.0457875,-0.0675125,0.111237496
1692465525798,-0.97005004,0.65805006,11.950951,0.0444125,-0.01705,-0.1502875
1692465525831,-1.0830001,0.84900004,11.674951,0.19167499,0.093775,-0.4395875
1692465525860,-0.97005004,0.97395,12.451051,0.2237125,0.1507,-0.3408625
1692465525888,-1.2240001,1.11195,13.456051,0.2360875,0.2102375,-0.102025
1692465525918,-0.72900003,1.2559501,13.79895,0.2512125,0.284625,0.2124375
1692465525947,-0.14205001,0.86595005,15.09405,0.2646875,0.286275,0.1530375
1692465525977,-0.53505003,0.38895002,17.037,0.2800875,0.21395,-0.1485
1692465526005,-1.1839501,0.40605003,18.49695,0.249975,0.134475,-0.21133749
1692465526036,-1.026,0.768,16.89405,0.0782375,0.0028875,0.0688875
1692465526066,-1.4760001,1.52205,15.316051,-0.0666875,0.018975,0.37454998
1692465526093,-0.882,1.32105,15.256051,-0.0738375,0.0499125,0.4714875
1692465526124,-0.23595001,0.38895002,15.852001,-0.0364375,0.076175,0.54202497
1692465526152,-0.027,-0.615,13.85595,0.0532125,0.056649998,0.46667498
1692465526180,0.052950002,-0.72495,12.622951,0.027224999,0.0037125,0.39214998
1692465526211,0.079050004,-1.1010001,13.465951,-0.160875,-0.0878625,0.5124625
1692465526239,0.39495003,-1.338,13.33905,-0.26221249,-0.1115125,0.5979875
1692465526267,-0.702,-0.59805006,12.247951,-0.40425,-0.15565,0.5245625
1692465526297,-1.4110501,-0.13395001,11.482051,-0.437525,-0.1749,0.410025
1692465526325,-0.00795,-0.81105006,11.283001,-0.3977875,-0.1111,0.2079
1692465526354,0.75705004,-1.2709501,10.515,-0.3331625,-0.0242,0.1695375
1692465526381,0.21300001,-0.924,8.57295,-0.2762375,0.0320375,0.12045
1692465526413,-1.2580501,-0.10305001,7.8030005,-0.2673,-0.0697125,-0.2288
1692465526445,-0.73095006,-0.39000002,6.84,-0.2789875,-0.128975,-0.406175
1692465526472,0.058050003,-0.651,5.4019504,-0.2063875,-0.018975,-0.3906375
1692465526500,-1.4419501,0.058950003,6.1410003,-0.1494625,0.083875,-0.2981
1692465526529,-1.69605,0.030000001,6.8089504,-0.0790625,0.1991,-0.314325
1692465526562,0.24000001,-0.72495,6.4170003,-0.0369875,0.2684,-0.3480125
1692465526600,0.71595,-0.85395,5.5999503,0.05335,0.4092,-0.4189625
1692465526626,-0.60405004,-0.043050002,5.8609505,0.00165,0.1742125,-0.8801375
1692465526657,-1.07595,0.094950005,5.1550503,-0.043449998,-8.25E-4,-1.0973876
1692465526682,0.15795001,-0.65295005,5.7580504,-0.0452375,-0.088825,-1.1804374
1692465526713,0.67305005,-0.22905001,5.3710504,0.0506,0.019524999,-0.9788625
1692465526742,-0.59505004,0.32205,5.9160004,0.0598125,0.0507375,-0.8316
1692465526770,-1.1020501,0.38895002,7.9680004,0.031075,-0.1236125,-0.6501
1692465526801,0.49095002,-0.56505,8.875051,0.0886875,-0.164175,-0.5262125
1692465526829,0.39495003,-0.47805002,10.522051,0.2226125,-0.069025,-0.2028125
1692465526857,0.69405,-0.25305,9.78195,0.19373749,-0.0994125,-0.1353
1692465526888,-0.31500003,-0.32295,9.64095,0.121825,-0.20295,-0.1643125
1692465526917,-1.4419501,0.28905,9.612,0.0336875,-0.3210625,-0.3122625
1692465526945,-1.4779501,0.753,10.065001,0.034925,-0.2503875,-0.30855
1692465526974,-0.25695002,0.49500003,9.757951,0.124025,0.09845,-0.139975
1692465527004,-0.26895002,0.483,8.99205,0.22013749,0.280775,-0.1318625
1692465527032,-0.15195,0.19995001,9.247951,0.37235,0.35021248,-0.3793625
1692465527062,0.09105001,-0.38505003,10.479,0.3713875,0.2492875,-0.46254998
1692465527092,0.42900002,-0.65805006,10.177051,0.2233,0.039875,-0.182325
1692465527120,0.16800001,-0.49500003,9.94005,0.095425,-0.0430375,0.088825
1692465527147,0.312,-0.411,9.688951,-0.14025,-0.198,0.4318875
1692465527173,0.14400001,-0.028050002,10.1959505,-0.20019999,-0.24585,0.509575
1692465527198,0.043050002,0.08295,9.86295,-0.2171125,-0.26221249,0.557425
1692465527223,-0.22605,0.27495003,9.5449505,-0.19415,-0.2547875,0.5471125
1692465527255,-0.135,0.09705,9.081,-0.0748,-0.1918125,0.3661625
1692465527281,-0.123,-0.10305001,9.43305,-0.0121,-0.139425,0.2525875
1692465527308,0.12495001,-0.38295,10.33695,0.0572,-0.042625,0.10835
1692465527336,-0.27405003,-0.20295002,10.390051,0.052525,-0.0209,0.1535875
1692465527365,-0.52500004,0.13095,10.029,-0.0254375,-0.0100375,0.4987125
1692465527398,0.072000004,0.03795,9.387,-0.0556875,0.005775,0.5704875
1692465527429,-0.252,0.351,9.267,-0.0218625,0.072325,0.2138125
1692465527459,-0.45105,0.47100002,8.7310505,0.0221375,0.089375,-0.0383625
1692465527488,-0.597,0.48795003,8.478001,0.115637496,0.078099996,-0.326425
1692465527519,-0.23595001,0.069000006,8.535001,0.1573,0.0834625,-0.3949
1692465527543,-0.12105001,-0.15795001,8.30805,0.1885125,0.102437496,-0.49513748
1692465527577,-0.126,-0.23895001,7.4220004,0.1793,0.1122,-0.74593747
1692465527607,0.04605,-0.105000004,7.2660003,0.1219625,0.0823625,-0.683925
1692465527635,-0.09705,0.23400001,6.78,-0.0254375,0.0039875,-0.20927499
1692465527664,-0.45600003,0.64995,6.3619504,-0.064625,-0.0257125,-0.043449998
1692465527694,0.058050003,0.46095002,6.9259505,-0.0127875,-0.0451,-0.0677875
1692465527723,0.34695002,0.28395,7.0290003,0.0682,-0.023924999,-0.20047499
1692465527752,0.079050004,0.15195,7.0600505,0.2102375,-0.0160875,-0.59235
1692465527782,-0.15405001,0.08505,7.6330504,0.2239875,-0.0653125,-0.7668375
1692465527815,0.17295001,-0.20295002,7.83795,0.149875,-0.13859999,-0.6725125
1692465527836,0.28305,-0.19395001,7.3879504,0.0867625,-0.12773749,-0.3936625
1692465527870,-0.13005,0.34605002,6.90705,0.012375,-0.1098625,-0.053075
1692465527899,-0.37395,0.77205,8.083051,-0.0941875,-0.0891,0.54408747
1692465527926,-0.25995,0.63405,8.06295,-0.0075625,-0.02035,0.65945
1692465527955,-0.09705,0.38505003,8.04405,0.078375,0.029975,0.4767125
1692465527982,-0.24495001,0.351,8.57295,0.1496,0.066825,0.2162875
1692465528014,0.26805001,0.034950003,10.42395,0.16995,0.07535,-0.07535
1692465528044,0.24000001,0.26700002,10.31295,0.1252625,0.060775,0.0224125
1692465528069,-0.34605002,0.57405,9.50205,0.0015125,-0.0165,0.4228125
1692465528096,-0.384,0.44205,10.840051,-0.0383625,-0.0614625,0.53061247
1692465528126,-0.010950001,0.08505,12.811951,-0.0295625,-0.039875,0.572825
1692465528156,-0.46995002,0.117000006,11.649,-0.0169125,0.0072875,0.5779125
1692465528189,-0.15405001,-0.31605002,11.802001,-0.0539,0.0556875,0.6125625
1692465528215,0.13905,-0.37605003,13.135951,-0.088825,0.0675125,0.6886
1692465528243,-0.40995002,-0.048,13.222051,-0.1252625,0.0763125,0.7854
1692465528272,-1.0690501,0.58095,12.444,-0.1816375,0.039325,0.7275125
1692465528302,-0.906,0.753,12.54705,-0.1744875,0.02805,0.5801125
1692465528330,-0.066,0.20805001,12.694951,-0.0581625,0.1263625,0.3334375
1692465528360,-0.32895002,0.049950004,13.035001,0.0108624995,0.1689875,0.208175
1692465528388,-0.70005006,-0.117000006,12.3820505,0.047025,0.15675,0.0666875
1692465528417,-0.06795,-0.82995003,13.918051,0.010725,0.0567875,-0.0708125
1692465528449,0.49095002,-1.0189501,16.38405,-0.0411125,0.0309375,0.0202125
1692465528478,-0.95895004,0.21495001,13.84395,-0.198275,-0.0174625,0.3133625
1692465528506,-1.23105,1.04295,14.62905,-0.28105,-0.083325,0.3125375
1692465528535,-0.67395,0.52095,15.442951,-0.21725,-0.0532125,0.2105125
1692465528562,-0.26895002,-0.14295001,15.333001,-0.0952875,0.020624999,0.061049998
1692465528592,-0.27405003,-0.39495003,15.223051,0.11495,0.1189375,-0.3026375
1692465528627,-0.93900007,-0.73695004,15.565051,0.0792,0.0521125,-0.3821125
1692465528656,-0.906,-1.4670001,16.60605,0.0116875,0.023375,-0.2949375
1692465528684,-1.0690501,-1.8430501,16.329,-0.05775,0.0242,-0.1799875
1692465528718,-2.184,-1.14405,13.116,-0.2129875,0.0730125,0.0917125
1692465528741,-1.215,-0.96405005,12.40305,-0.2904,0.102025,0.2072125
1692465528773,-0.64005005,-0.864,12.231001,-0.355025,0.1991,0.3400375
1692465528801,-0.25995,-1.1700001,11.224951,-0.3355,0.2283875,0.3601125
1692465528831,0.55605,-1.6320001,10.46895,-0.2542375,0.1519375,0.135575
1692465528860,0.64695,-1.371,8.21895,-0.2321,0.0724625,0.0320375
1692465528888,-0.10605001,-1.27995,5.79405,-0.2756875,-0.138325,0.1370875
1692465528918,0.30405003,-1.3950001,4.425,-0.311575,-0.2374625,0.2162875
1692465528946,0.11805001,-1.113,5.418,-0.341275,-0.29535,0.3130875
1692465528975,-0.21900001,-0.23700002,8.70495,-0.3980625,-0.3020875,0.6177875
1692465529004,0.0049500004,0.12900001,7.767,-0.4002625,-0.275825,0.62755
1692465529032,0.651,0.07395,6.14895,-0.1929125,-0.1560625,-0.0473
1692465529063,-0.64695,0.21000001,5.2050004,-0.0144375,-0.0952875,-0.6111875
1692465529092,-0.18105,-0.31605002,5.8900504,0.2413125,-0.0235125,-1.6478
1692465529119,0.78105,-0.90705,6.8430004,0.30153748,0.0561,-1.932425
1692465529149,-0.066,-0.84705,6.5869503,0.2888875,0.2072125,-1.9764249
1692465529176,-0.52500004,-0.87795,6.7639503,0.1860375,0.1527625,-1.7487249
1692465529206,-0.027,-0.74895006,5.6719503,-0.0639375,0.005775,-0.819225
1692465529238,-0.84105,-0.78000003,6.0670505,-0.1331,0.0215875,-0.3147375
1692465529266,-1.1719501,-0.67005,8.97795,-0.17875,0.0897875,0.451
1692465529296,0.85695004,-1.1370001,9.78705,-0.17379999,0.13035,0.871475
1692465529325,1.2210001,-0.71295005,8.02995,-0.1340625,0.1307625,1.5934875
1692465529354,0.666,-0.32505003,7.6060505,-0.1016125,-0.01045,1.317525
1692465529384,-0.15195,-0.29895002,8.66205,-0.063525,-0.211475,0.66715
1692465529413,-0.64995,-0.14595,10.00695,0.043725,-0.4378,-0.09735
1692465529442,-0.39405003,0.17205001,9.150001,0.1225125,-0.370975,0.0405625
1692465529471,0.201,0.30105,8.797951,0.2556125,-0.0543125,0.436425
1692465529499,0.34695002,0.15,9.253051,0.3037375,0.0639375,0.3460875
1692465529535,0.59400004,-0.66795003,9.934951,0.3845875,0.0875875,-0.4472875
1692465529560,0.72795004,-0.90705,9.84,0.3806,0.0221375,-0.8523625
1692465529600,0.024,-0.51195,9.892051,0.203225,-0.1434125,-0.7547375
1692465529622,0.094050005,-0.56205004,10.375951,0.081125,-0.2077625,-0.3493875
1692465529649,0.08205,-0.56700003,10.368,-0.007425,-0.229075,0.0295625
1692465529680,-0.29295,-0.12195001,10.174951,-0.0589875,-0.1364,0.2707375
1692465529710,-0.30495003,0.10005,9.78705,-0.03575,-0.0031625,-0.0625625
1692465529739,-0.31905,0.11895001,9.16395,0.004675,0.0598125,-0.21835
1692465529768,-0.28800002,0.117000006,9.042001,0.1219625,0.1571625,-0.39985
1692465529795,-0.42495003,-0.033,8.746051,0.16733749,0.1799875,-0.52745
1692465529824,-0.14895001,-0.28500003,9.01605,0.194425,0.18975,-0.7016625
1692465529855,0.028950002,-0.43800002,9.03495,0.18645,0.1859,-0.8985625
1692465529879,-0.19695,-0.41595003,8.50905,0.14533749,0.1661,-0.8045125
1692465529912,-0.19005,-0.40395,7.9840503,0.022824999,0.0902,-0.3276625
1692465529940,-0.006,-0.65595,8.02005,-0.0301125,0.0576125,-0.0397375
1692465529968,0.12495001,-0.77505004,7.9819503,-0.0664125,0.039875,0.1684375
1692465529998,0.024,-0.73005,7.6129503,-0.1232,0.0122375,0.2613875
1692465530027,-0.09900001,-0.744,7.2829504,-0.16115,-0.014025,0.2349875
1692465530057,-0.29505002,-0.34905002,6.9310503,-0.22275,-0.0495,0.0730125
1692465530086,-0.64500004,-0.45705003,5.8230004,-0.212575,-0.0317625,0.113299996
1692465530114,-0.42000002,-0.71505004,6.29505,-0.180125,-0.005225,0.2836625
1692465530141,0.28005,-0.84195006,7.8930006,-0.149875,0.0350625,0.5402375
1692465530174,-0.21195,-0.531,7.116,-0.1560625,0.078925,1.1298375
1692465530198,-0.41805002,-0.46905002,6.3949504,-0.175175,0.0446875,1.230625
1692465530229,-0.11100001,-0.49500003,7.6009502,-0.1604625,-0.0160875,0.962225
1692465530258,-0.010950001,-0.42600003,8.3550005,-0.12375,0.001375,0.7651875
1692465530288,-0.252,-0.06705,8.22105,-0.0295625,0.0169125,0.335225
1692465530317,-0.291,0.04695,8.41005,0.02365,-0.0081124995,0.14135
1692465530346,-0.56100005,-0.105000004,9.10005,0.083875,-0.0257125,0.00935
1692465530375,-0.48000002,-0.39900002,9.765,0.1489125,-0.0180125,-0.078925
1692465530405,0.201,-0.72705,10.6390505,0.214775,0.0551375,-0.0823625
1692465530433,-0.18795002,-0.54300004,10.641001,0.1478125,0.033,0.05775
1692465530464,-0.26700002,-0.64095,10.852051,0.0666875,-0.0155375,0.164725
1692465530492,-0.010950001,-1.2730501,11.448001,-0.0254375,-0.0727375,0.1265
1692465530521,0.67095006,-1.6870501,12.4459505,-0.041249998,-0.056649998,0.0902
1692465530551,0.45000002,-1.4500501,12.619051,-0.1225125,-0.0631125,0.231825
1692465530580,-0.66405004,-0.86895007,11.41695,-0.192775,-0.129525,0.3216125
1692465530609,-0.48705003,-0.85905004,11.556001,-0.2459875,-0.19745,0.3320625
1692465530638,0.33105,-1.2780001,12.40095,-0.211475,-0.143275,0.1574375
1692465530666,-0.70695,-0.97200006,12.1039505,-0.108899996,0.00275,-0.1062875
1692465530694,-0.73605,-1.065,12.98505,-0.089925,0.0143,-0.2167
1692465530725,-0.32895002,-1.33095,13.083,-0.0792,0.020075,-0.2299
1692465530749,-0.38595003,-0.9979501,12.934051,-0.0375375,0.0952875,-0.035475
1692465530781,-0.75705004,-0.47100002,12.690001,-0.0198,0.11935,0.0303875
1692465530808,-0.36495003,-0.58905005,12.43395,0.01485,0.113437496,-0.0746625
1692465530838,-0.81000006,-0.16695,13.561951,0.053625,0.1214125,-0.265375
1692465530868,-0.98700005,-0.021000002,13.984951,0.145475,0.1494625,-0.65285
1692465530898,-0.35805002,-0.65595,14.035951,0.187825,0.1610125,-0.7019375
1692465530926,-0.135,-1.0510501,14.842051,0.2242625,0.169125,-0.622325
1692465530954,-0.56595004,-1.02405,14.14605,0.199375,0.1082125,-0.165275
1692465530986,-0.14205001,-1.3110001,14.316001,0.06545,-0.0037125,0.11275
1692465531021,0.079050004,-1.45305,14.98305,0.01155,-0.01925,0.0620125
1692465531038,-0.264,-1.48905,14.737051,-0.029424999,-0.020624999,-0.0449625
1692465531072,-0.93495005,-1.419,14.361001,-0.098175,-0.0565125,-0.2270125
1692465531102,-0.75705004,-1.67805,13.96905,-0.1247125,-0.0682,-0.2077625
1692465531131,-0.51600003,-1.9939501,13.49205,-0.1529,-0.0089375,0.0642125
1692465531158,-0.666,-1.848,13.594951,-0.1665125,0.0303875,0.185625
1692465531188,-1.2790501,-1.5799501,12.657001,-0.2140875,0.04675,0.376475
1692465531220,-0.67095006,-1.1410501,11.46195,-0.23127499,0.039049998,0.5204375
1692465531248,0.201,-0.73200005,10.42395,-0.21175,0.06325,0.716925
1692465531275,0.321,-0.69405,10.378051,-0.1709125,0.0790625,0.6183375
1692465531306,-0.10605001,-1.2559501,9.77505,-0.033,0.0386375,-0.03575
1692465531331,0.42900002,-2.0029502,9.354,0.0279125,-0.00275,-0.40094998
1692465531361,-0.42705002,-0.52905005,8.67105,0.0451,-0.0411125,-0.61765
1692465531390,-2.28495,0.006,6.1249504,-0.067925,-0.107525,-0.425425
1692465531420,-1.3770001,-1.194,5.406,-0.1038125,-0.09515,-0.231
1692465531448,1.3549501,-2.5150502,8.86095,-0.032449998,0.1276,-0.0738375
1692465531479,0.83805007,-2.0299501,8.32905,-0.0504625,0.2193125,-0.0207625
1692465531508,-0.975,-0.60795003,5.63595,-0.297,0.0011,-0.0361625
1692465531537,-0.62595004,-0.45195,5.019,-0.3834875,-0.16499999,-0.07315
1692465531565,0.16095,-1.04595,5.4300003,-0.37235,-0.2080375,-0.0248875
1692465531594,0.65895003,-1.47405,4.4040003,-0.2904,-0.131175,0.0979
1692465531623,-0.079950005,-0.66495,3.9580503,-0.1530375,0.00385,0.267575
1692465531651,-0.19005,0.26295,5.4019504,-0.23045,-0.0972125,0.20693749
1692465531680,-1.72905,0.186,5.5999503,-0.2440625,-0.13653749,0.1859
1692465531710,-0.39600003,-0.081,7.3000503,-0.1387375,-0.122375,0.16335
1692465531740,1.7809501,-0.20805001,7.8600006,0.306625,0.04015,0.2398
1692465531768,1.40295,0.093,8.20905,0.5713125,-0.0240625,-0.03355
1692465531797,-0.066,-0.24105,8.83905,0.6094,-0.2426875,-0.63525
1692465531823,-0.72195005,-0.55305004,9.98805,0.5993625,-0.46873748,-1.21935
1692465531857,-0.86805004,-0.423,11.467051,0.49665,-0.468875,-1.175625
1692465531883,-0.15900001,-0.15,9.361051,0.4228125,-0.2468125,-0.555775
1692465531916,0.84105,0.028050002,8.83395,0.27225,0.1700875,0.6260375
1692465531944,0.61605,-0.27705002,10.10505,0.2338875,0.2300375,0.7513
1692465531972,0.08400001,-0.73695004,10.651051,0.2286625,0.0694375,0.16885
1692465532002,0.24705002,-1.218,10.93095,0.2135375,-0.0435875,-0.17173749
1692465532032,0.13005,-0.56700003,10.1959505,0.0809875,-0.1189375,-0.2388375
1692465532064,0.097950004,0.08805001,9.339001,-0.0100375,-0.1018875,-0.0853875
1692465532092,-0.018000001,0.37500003,8.86095,-0.0760375,-0.0771375,0.004125
1692465532120,0.18495001,0.34605002,8.31495,-0.0367125,-0.0202125,-0.22013749
1692465532149,0.58395004,-0.045,8.904,0.1516625,0.028875,-0.5809375
1692465532178,0.61605,-0.33,8.932051,0.2173875,0.0259875,-0.6716875
1692465532207,0.34005,-0.34005,8.820001,0.2343,-0.0072875,-0.6644
1692465532236,-0.135,0.0019500001,8.743051,0.14973749,-0.1062875,-0.3111625
1692465532264,-0.24495001,0.069000006,8.22105,0.0944625,-0.117699996,-0.0666875
1692465532293,-0.21900001,-0.10005,7.9960504,0.0609125,-0.084975,0.10835
1692465532324,0.048,-0.43500003,8.089951,0.0688875,0.0554125,0.1243
1692465532353,0.055050004,-0.49800003,7.6420503,0.0658625,0.14739999,-0.0669625
1692465532382,-0.075,-0.61695004,7.089,-0.0352,0.120725,-0.1208625
1692465532410,-0.47505003,-0.37305,6.66795,-0.0972125,0.0856625,-0.029975
1692465532438,-0.64305,-0.25800002,6.16305,-0.1458875,0.0616,0.132
1692465532468,0.14205001,-0.55005,7.5030003,-0.1720125,0.061875,0.325325
1692465532495,0.072000004,-0.273,7.14195,-0.158125,0.1087625,0.7030375
1692465532526,0.055050004,-0.29700002,7.005,-0.1373625,0.101475,0.79873747
1692465532553,0.24000001,-0.16995001,7.6519504,-0.0947375,0.0144375,0.5682875
1692465532583,-0.049050003,0.48000002,7.3740005,-0.0704,-0.0176,0.37867498
1692465532612,-0.058050003,0.51195,7.9219503,0.01375,-0.0477125,0.1005125
1692465532640,0.036000002,0.33705002,8.401051,0.100375,-0.041249998,-0.14135
1692465532670,0.26595002,-0.32295,8.746051,0.2847625,0.0081124995,-0.93775
1692465532701,0.321,-0.51405,8.868,0.2847625,0.0081124995,-0.93775
1692465532732,0.24705002,-0.76605004,10.77795,0.1678875,-0.052525,-0.41525
1692465532760,0.039,-0.66795003,10.58205,0.03795,-0.09185,0.188375
1692465532790,-0.264,-0.201,9.540001,-0.1681625,-0.1263625,0.91987497
1692465532819,0.055050004,-0.15795001,10.10295,-0.2006125,-0.1027125,0.9472375
1692465532847,0.3,-0.34005,10.90005,-0.1395625,-0.003025,0.6307125
1692465532878,-0.022950001,-0.52905005,11.082001,-0.078375,0.0259875,0.4109875
1692465532907,-0.43005002,-0.49005002,10.953,-0.0286,0.0246125,0.2033625
1692465532936,-0.66405004,-0.43095002,11.55105,-0.0044,0.0108624995,0.0908875
1692465532966,-0.31005,-0.64095,12.661951,-0.012375,0.045925,0.2322375
1692465532994,-0.492,-0.81105006,11.829,-0.027775,0.1549625,0.3804625
1692465533022,-0.76695,-0.22905001,11.058001,-0.0375375,0.179025,0.233475
1692465533049,-0.94695,0.061950002,11.323951,-0.0658625,0.1810875,-0.076175
1692465533082,-0.88395005,-0.0139500005,12.657001,-0.05555,0.1948375,-0.1012
1692465533108,-0.52995,-0.031050002,11.953051,0.0477125,0.2506625,-0.146575
1692465533138,-0.06105,-0.32505003,11.3550005,0.102437496,0.26125,-0.2358125
1692465533165,0.14400001,-0.68700004,12.70905,0.141075,0.18865,-0.40645
1692465533195,0.56505,-1.2760501,14.143051,0.1194875,0.1101375,-0.46461248
1692465533226,0.16995001,-0.81105006,13.2619505,0.0682,0.0188375,-0.5036625
1692465533254,-0.42705002,-0.13395001,12.765,-0.009075,-0.073425,-0.487575
1692465533282,-0.73800004,0.15705001,14.0119505,-0.133925,-0.1903,-0.25245
1692465533313,-1.29795,-0.057000004,14.47395,-0.04015,-0.1029875,-0.2212375
1692465533342,-1.0020001,-0.48105,14.65305,0.050875,-0.0099,-0.357775
1692465533371,-0.64995,-0.92100006,14.128951,0.1170125,0.0787875,-0.46805
1692465533399,-0.56595004,-1.1509501,14.65995,0.1076625,0.1780625,-0.348425
1692465533429,-0.75705004,-1.05495,15.199051,-0.0352,0.1379125,0.0380875
1692465533457,-1.0639501,-1.09095,15.004951,-0.1065625,0.097625,0.2066625
1692465533487,-1.08105,-1.4430001,15.048,-0.15565,0.069025,0.29645
1692465533516,-0.96105003,-1.8570001,12.760051,-0.1964875,0.067925,0.291775
1692465533545,-0.24795002,-1.7899501,12.74295,-0.21779999,0.08195,0.3135
1692465533574,-0.24300002,-1.764,12.88395,-0.29425,0.0864875,0.438625
1692465533602,-0.43695003,-1.71405,12.192,-0.3221625,0.061049998,0.385
1692465533639,-0.95895004,-1.098,11.06295,-0.3180375,-0.0196625,0.042625
1692465533652,-0.64995,-1.2780001,10.387951,-0.2965875,-0.0374,-0.0779625
1692465533687,0.87600005,-2.2069502,10.47105,-0.230175,0.001925,-0.10835
1692465533718,-1.521,-1.3810501,10.76805,-0.2105125,0.006325,-0.0614625
1692465533746,-2.32005,-1.125,8.458051,-0.2135375,-0.020624999,-0.0213125
1692465533776,1.9540501,-2.32905,4.15695,-0.2167,0.022275,-0.0411125
1692465533804,0.87600005,-1.26405,5.1259503,-0.2088625,0.1238875,0.007425
1692465533835,-2.04495,0.0,7.5319505,-0.3004375,0.093775,0.2523125
1692465533864,-2.6200502,0.162,10.644,-0.3383875,-0.0396,0.2583625
1692465533893,-0.69495004,-0.60105,7.8460503,-0.0650375,0.115225,0.043449998
1692465533923,0.29700002,-1.2900001,4.42995,0.17875,0.393525,-0.2138125
1692465533950,0.58005005,-1.3590001,3.8100002,0.367125,0.58575,-0.7085375
1692465533981,0.19905001,-0.83295006,4.78905,0.372075,0.459525,-1.7754
1692465534008,-0.231,-0.507,5.68695,-0.0086624995,0.0083875,-1.3737625
1692465534040,-0.85800004,-0.36405003,5.931,-0.131725,-0.161425,-1.0241
1692465534069,-0.78900003,-0.615,5.892,-0.1373625,-0.2173875,-0.86845
1692465534098,-1.9020001,-1.02195,5.5960503,0.0378125,-0.052249998,-0.6501
1692465534127,0.18,-1.3740001,9.44505,0.0474375,0.148225,0.39985
1692465534155,1.9099501,-1.455,9.933001,-0.0653125,0.1815,1.1495
1692465534182,0.83595,-0.84495,8.157001,-0.1692625,0.0946,1.5719
1692465534210,-0.55395,-0.45900002,9.09,-0.1324125,-0.438075,0.64625
1692465534246,-1.31805,-0.29205,10.78695,-0.0510125,-0.637175,0.021175
1692465534269,-1.365,-0.13395001,10.93605,0.1546875,-0.447975,-0.2253625
1692465534297,-0.528,-0.20295002,9.89505,0.2679875,-0.1868625,-0.03795
1692465534328,0.024,-0.36795002,9.922951,0.410575,0.1753125,0.14795
1692465534357,0.010050001,-0.768,9.411,0.4272125,0.20019999,0.0100375
1692465534386,0.23295002,-1.12905,9.945001,0.40865,0.1392875,-0.1962125
1692465534414,0.25905,-1.23,9.769951,0.245575,-0.06765,-0.2838
1692465534443,-0.109050006,-0.84195006,9.954,0.122237496,-0.1527625,-0.1373625
1692465534471,-0.43005002,-0.141,9.283951,-0.06215,-0.2344375,0.0482625
1692465534501,-0.58005005,0.117000006,8.829,-0.0842875,-0.2167,0.043449998
1692465534536,-0.29295,0.20295002,8.305051,0.0301125,-0.094875,-0.013612499
1692465534557,-0.41295,0.078,8.14005,0.1357125,-0.0155375,-0.1362625
1692465534587,-0.50100005,-0.18900001,8.571,0.2982375,0.088,-0.450175
1692465534614,-0.32895002,-0.49800003,8.652,0.3183125,0.09955,-0.410025
1692465534644,-0.12795001,-0.71505004,8.752951,0.296725,0.100237496,-0.28861248
1692465534675,-0.07005,-0.63600004,8.56095,0.16733749,0.0787875,-0.2481875
1692465534704,-0.43005002,-0.675,7.9030504,0.082499996,0.04895,-0.2814625
1692465534732,-0.513,-0.56895,7.5610504,-0.054175,-0.014575,-0.302775
1692465534758,-0.609,-0.36405003,7.1850004,-0.092125,-0.016775,-0.2677125
1692465534788,-0.76500005,-0.60105,6.7710004,-0.1170125,0.0430375,0.0411125
1692465534815,-0.46305,-0.91200006,7.5820503,-0.1101375,0.078925,0.2498375
1692465534845,0.048,-0.92805004,8.016001,-0.1073875,0.105875,0.4134625
1692465534872,-0.22605,-0.35595003,6.3949504,-0.170225,0.073425,0.71995
1692465534902,-0.67605,-0.22200002,6.3090005,-0.2085875,0.0045375,0.9015875
1692465534932,-0.25695002,-0.38505003,7.42005,-0.1684375,-0.084975,0.9636
1692465534961,-0.32700002,-0.423,8.181001,-0.109175,-0.0724625,0.8421875
1692465534990,-0.537,-0.26295,7.82595,-0.006875,-0.0284625,0.5077875
1692465535019,-0.65505004,-0.12705001,8.451,0.0336875,-0.0188375,0.3526875
1692465535046,-0.64500004,-0.040050004,9.17205,0.067925,-0.007425,0.2589125
1692465535074,-0.25995,-0.17205001,9.27,0.1381875,0.050049998,0.1621125
1692465535104,-0.252,-0.39195,9.31305,0.177925,0.078925,0.053625
1692465535132,-0.15405001,-0.84705,10.82295,0.2156,0.058849998,-0.3152875
1692465535161,0.16095,-0.98595005,11.199,0.18865,0.013475,-0.42941248
1692465535189,-0.18495001,-0.56505,10.857,0.0323125,-0.1013375,-0.1326875
1692465535220,-0.36705002,-0.22005,10.512,-0.0532125,-0.15565,0.13653749
1692465535250,-0.312,-0.261,10.737,-0.0966625,-0.1843875,0.2949375
1692465535279,-0.37395,-0.31305,11.083951,-0.039325,-0.137225,0.23485
1692465535315,-0.47505003,-0.651,11.641951,0.0581625,-0.0594,0.021724999
1692465535345,-0.303,-0.94500005,11.59605,0.07645,-0.0284625,-0.0738375
1692465535374,-0.372,-0.78195006,12.163951,0.0303875,0.014162499,-0.109175
1692465535402,-1.107,-0.17400001,11.053051,-0.0196625,0.0116875,-0.02475
1692465535433,-1.047,-0.01905,11.106001,-0.0639375,-2.75E-4,0.1111
1692465535462,-0.702,-0.23700002,12.331051,-0.0490875,0.0430375,0.276375
1692465535490,-0.57600003,-0.47400004,13.02795,0.0853875,0.1676125,0.036849998
1692465535519,-0.37695003,-0.83505005,12.913051,0.1313125,0.18535,-0.102025
1692465535548,-0.71205,-0.50205004,13.312951,0.1387375,0.1604625,-0.1703625
1692465535577,-1.15005,0.042000003,12.990001,0.0617375,0.067375,0.0116875
1692465535605,-0.26895002,-0.18900001,13.284,0.0210375,0.0374,0.19745
1692465535634,0.216,-0.78705,14.12205,0.0273625,0.03025,0.265925
1692465535664,0.28005,-0.88305,14.79705,0.0537625,0.01375,0.0787875
1692465535691,0.051000003,-0.89505005,14.50695,0.032175,-0.1183875,-0.279125
1692465535722,-0.60405004,-0.117000006,12.955951,-0.0127875,-0.19085,-0.30745
1692465535750,-1.1719501,-0.028050002,13.930051,-0.0537625,-0.221375,-0.24653749
1692465535779,-0.13695,-0.75105006,14.926051,-0.0257125,-0.1694,-0.2314125
1692465535804,-0.24000001,-1.125,14.149951,0.057475,-0.013612499,-0.24915
1692465535835,-0.846,-1.2349501,13.774951,0.0584375,0.023924999,-0.2806375
1692465535865,-0.48000002,-1.6009501,14.812951,0.0187,0.0235125,-0.2959
1692465535896,-0.351,-1.7830501,14.143051,-0.1189375,0.010725,-0.0295625
1692465535924,-1.45395,-1.1920501,13.948951,-0.1863125,0.0072875,0.3004375
1692465535952,-1.43505,-0.97605,12.86505,-0.2743125,-0.0048125,0.9197375
1692465535983,-0.64005005,-0.9979501,12.252001,-0.2380125,0.100375,1.037575
1692465536012,-0.264,-1.1560501,11.680051,-0.2380125,0.100375,1.037575
1692465536041,0.57195,-2.19,9.86295,-0.15895,0.16293749,0.8089125
1692465536069,0.46005002,-2.2350001,8.88405,-0.1511125,0.0418,0.3463625
1692465536096,-1.2240001,-1.029,8.911051,-0.215875,-0.069299996,0.2080375
1692465536126,-2.019,0.44205,6.9910502,-0.311575,-0.1764125,0.2264625
1692465536156,0.321,-0.41400003,6.4879503,-0.319825,-0.112475,0.5049
1692465536189,1.9729501,-1.536,6.2779503,-0.03135,0.2011625,0.348975
1692465536217,0.71805006,-1.17495,6.4759502,0.0705375,0.19855,-0.146025
1692465536244,-0.91995007,-0.282,6.354,0.0752125,0.0328625,-0.73755
1692465536276,-1.6650001,-0.105000004,4.3819504,-0.0785125,-0.342925,-1.3369125
1692465536305,0.56295,-0.81405,4.25805,-0.0779625,-0.26633748,-1.381325
1692465536333,1.161,-1.05495,5.82495,0.045925,0.1923625,-1.3308625
1692465536358,-0.078,-0.59295005,6.32805,0.0416625,0.2432375,-1.22265
1692465536387,-1.0830001,-0.74895006,6.3180003,-0.045375,-0.038775,-1.0157125
1692465536417,0.31395,-1.2040501,6.1720505,-0.0518375,-0.1205875,-0.90585
1692465536448,0.28005,-1.2199501,6.8239503,-0.0622875,-0.0402875,-0.40094998
1692465536479,-0.58695,-1.00995,8.889001,-0.1093125,-0.045925,-0.0622875
1692465536507,0.41700003,-0.90705,8.793,-0.1676125,-0.1150875,0.2635875
1692465536534,1.52505,-0.81405,8.596951,-0.1711875,-0.193875,0.7954375
1692465536566,0.27105,-0.50505,7.6399503,-0.0226875,-0.28393748,0.58685
1692465536596,-0.83895004,-0.44700003,8.793,0.0419375,-0.386925,0.15895
1692465536624,-0.97800004,-0.64605004,10.665001,0.0947375,-0.4213,-0.17655
1692465536652,-0.90105003,-0.462,10.464001,0.1991,-0.0925375,-0.08195
1692465536680,-0.45105,-0.36405003,9.82995,0.2398,0.1398375,0.1463
1692465536710,-0.07005,-0.33495003,9.259951,0.2638625,0.2990625,0.2960375
1692465536740,-0.16395001,-0.57195,9.72,0.27995,0.35585,0.15853749
1692465536769,-0.64005005,-0.837,9.957001,0.26675,0.225775,-0.3741375
1692465536797,-0.3,-1.04295,10.246051,0.230725,0.17545,-0.6224625
1692465536824,-0.32205,-0.91200006,10.074,0.172975,0.1563375,-0.75955
1692465536855,-0.48900002,-0.57900006,9.78705,0.031075,0.13213749,-0.5229125
1692465536881,-0.72195005,-0.43305,9.232051,-0.0196625,0.1084875,-0.330275
1692465536912,-0.58305,-0.49005002,8.619,-0.017324999,0.1084875,-0.2921875
1692465536942,-0.46800002,-0.624,8.41005,0.016224999,0.1335125,-0.3452625
1692465536971,-0.47700003,-0.67695004,8.17395,0.061325,0.16885,-0.3994375
1692465536999,-0.051000003,-0.82305,8.335951,0.0598125,0.1670625,-0.4224
1692465537030,-0.07305,-0.87600005,7.1250005,0.01485,0.1148125,-0.3364625
1692465537058,-0.37905002,-0.88995004,6.2749505,-0.021175,0.0605,-0.2162875
1692465537086,-0.67095006,-0.47595003,6.972,-0.1034,-0.0389125,0.130625
1692465537116,-0.72900003,-0.22500001,6.8160005,-0.1315875,-0.0372625,0.3493875
1692465537143,-0.69495004,-0.177,6.19605,-0.12815,0.0034375,0.5086125
1692465537175,-0.034950003,-0.48600003,6.3180003,-0.0105875,0.121,0.4026
1692465537204,-0.003,-0.591,7.2829504,0.0611875,0.157025,0.2121625
1692465537235,-0.726,-0.141,7.8930006,0.1010625,0.0966625,-0.0864875
1692465537263,-0.27195,-0.23400001,7.3980002,0.083325,0.0290125,-0.1304875
1692465537292,-0.13305001,-0.25305,7.6159506,0.082499996,-0.00275,-0.130075
1692465537321,-0.33900002,-0.38700002,9.16695,0.1397,0.0213125,-0.1348875
1692465537358,-0.25695002,-0.73905003,9.3820505,0.1519375,-0.0323125,-0.0026125
1692465537383,-0.28095,-0.39000002,9.595051,0.065725,-0.110825,0.45485
1692465537410,-0.47505003,-0.14295001,9.724951,0.0089375,-0.13805,0.6711375
1692465537441,-0.48705003,-0.25095,9.660001,-0.01925,-0.1502875,0.7921375
1692465537468,-0.102000006,-0.49800003,10.066951,-0.0028875,-0.1414875,0.7610625
1692465537496,0.22995001,-0.81600004,11.115001,0.0845625,-0.0804375,0.2531375
1692465537526,-0.26895002,-0.63405,11.25405,0.0671,-0.100925,-0.1604625
1692465537556,-0.18795002,-0.675,10.57005,0.0232375,-0.1486375,-0.1346125
1692465537586,-0.042000003,-0.65595,10.960051,-0.014162499,-0.1772375,-0.0070125
1692465537614,-0.41805002,-0.23700002,11.23995,-0.043725,-0.1546875,0.2816
1692465537643,-0.51105005,-0.31095,10.938001,-0.0438625,-0.1406625,0.428725
1692465537674,-0.16395001,-0.69105005,11.235001,-0.0012375,-0.0924,0.7572125
1692465537703,-0.231,-0.71505004,11.92695,0.025575,-0.0528,0.88467497
1692465537732,0.18495001,-0.933,12.1060505,0.010725,-0.0237875,0.933075
1692465537762,-0.657,-0.53595,12.255,-0.017875,-0.0339625,0.8034125
1692465537790,-1.4800501,0.00405,12.015,-0.0551375,-0.0567875,0.3689125
1692465537819,-0.66405004,-0.19095,11.854951,-0.045375,-0.0331375,0.22495
1692465537846,0.12495001,-0.483,13.51395,0.0515625,0.12265,0.23375
1692465537876,0.46005002,-0.273,13.861051,0.09295,0.1579875,0.27335
1692465537907,0.20895001,-0.13605,13.075951,0.1073875,0.113025,0.2409
1692465537935,-0.46500003,-0.0139500005,13.746,0.1142625,-0.0796125,-0.043725
1692465537965,0.17505,-0.52905005,16.125,0.1243,-0.1354375,-0.1419
1692465537993,0.312,-0.768,15.60105,0.1260875,-0.123475,-0.0224125
1692465538024,-0.216,-0.768,14.770051,0.1034,-0.108075,0.0743875
1692465538051,-0.62595004,-0.67695004,14.883,0.0166375,-0.117425,0.15895
1692465538079,-0.90795004,-1.6180501,16.07295,-0.02365,-0.10175,0.137225
1692465538110,-0.89100003,-1.9219501,15.544051,-0.0889625,0.0089375,0.071225
1692465538139,-0.83205,-1.6969501,14.128951,-0.141075,0.069575,0.17655
1692465538168,0.23700002,-2.154,12.7879505,-0.2594625,0.13585,0.3911875
1692465538196,0.01905,-1.8090001,14.040001,-0.2965875,0.1387375,0.32835
1692465538226,0.14895001,-2.3790002,13.834051,-0.32395,0.1111,0.196625
1692465538255,0.462,-2.7450001,13.168951,-0.363825,-0.006325,-0.0715
1692465538283,0.21105,-2.56995,11.055,-0.3773,-0.0595375,-0.14093749
1692465538315,-0.53205,-2.1679502,11.059951,-0.4274875,-0.153725,0.022275
1692465538342,-0.504,-1.6470001,8.01795,-0.450725,-0.182325,0.2168375
1692465538370,0.38805002,-1.5460501,7.0219502,-0.45045,-0.1728375,0.3947625
1692465538401,0.58905005,-1.0360501,7.7760005,-0.384175,-0.0738375,0.52648747
1692465538430,0.052950002,-1.0819501,6.9240003,-0.2968625,-0.0719125,0.30965
1692465538459,0.3,-1.4239501,5.6340003,-0.2429625,-0.109175,0.1318625
1692465538488,0.73305005,-1.4100001,5.181,-0.1830125,-0.1274625,-0.034649998
1692465538517,0.40500003,-0.65295005,5.47095,-0.1353,-0.097625,-0.3298625
1692465538547,-0.46995002,0.33900002,5.2600503,-0.1596375,-0.0908875,-0.47465
1692465538575,-0.74100006,0.39405003,5.8110003,-0.108899996,-0.0397375,-0.860475
1692465538605,0.40005,-0.97605,5.9380503,0.03025,0.07425,-1.1473
1692465538632,0.333,-0.81600004,5.5789504,0.372075,0.4103,-1.92995
1692465538661,0.060000002,0.057000004,5.0620503,0.4170375,0.452925,-2.111725
1692465538688,-0.50100005,-0.62895006,5.7300005,0.2528625,0.19635,-1.415975
1692465538718,0.04095,-1.81605,10.053,0.19855,0.091575,-0.930325
1692465538748,0.097950004,-1.5600001,11.352,0.122237496,0.026124999,0.27335
1692465538778,0.73005,-1.04295,8.44905,0.031625,-0.0232375,0.9293625
1692465538808,0.66795003,-0.48600003,7.7860503,-0.099275,-0.1574375,1.2893375
1692465538836,0.16305001,-0.282,8.7289505,-0.08635,-0.213125,0.952325
1692465538866,-0.030000001,-0.34905002,9.64305,0.07095,-0.20295,-0.1964875
1692465538893,0.14595,-0.23400001,8.944051,0.1780625,-0.1166,-0.626725
1692465538925,-0.003,0.15495001,8.76,0.3271125,0.06215,-0.839575
1692465538956,0.264,-0.10005,9.385051,0.35901248,0.0908875,-0.7173375
1692465538982,0.85005003,-0.57195,9.93,0.3834875,0.08635,-0.4917
1692465539009,0.68700004,-0.55305004,9.603001,0.3927,0.0213125,0.0158125
1692465539039,0.027,0.033,9.01605,0.33605,-0.0506,0.179575
1692465539071,0.048,0.11400001,9.229051,0.25465,-0.1263625,0.252725
1692465539099,0.18495001,-0.18405001,9.700951,0.187825,-0.129525,0.1293875
1692465539128,-0.123,-0.055050004,9.604951,0.2217875,-0.00385,-0.1029875
1692465539156,-0.25005,-0.00405,8.691,0.2129875,0.0350625,-0.1574375
1692465539186,-0.034950003,-0.08805001,8.085,0.192225,0.066275,-0.207075
1692465539212,-0.14895001,-0.18405001,8.52105,0.1533125,0.1335125,-0.4136
1692465539240,-0.38895002,-0.21000001,9.057,0.1342,0.1511125,-0.49225
1692465539272,-0.11595,-0.52395004,8.443951,0.0847,0.15455,-0.3980625
1692465539304,-0.09,-0.45405003,7.8739505,0.050875,0.15853749,-0.2542375
1692465539332,-0.26205,-0.30105,7.3309503,-0.0325875,0.1445125,0.1582625
1692465539359,-0.35805002,-0.57405,6.7759504,-0.066275,0.121825,0.36313748
1692465539390,-0.58305,-0.51000005,7.0009503,-0.0955625,0.10725,0.462825
1692465539420,-0.75705004,-0.28500003,6.67005,-0.1078,0.1214125,0.428175
1692465539449,-0.74505,0.009000001,6.0340505,-0.1219625,0.147125,0.446875
1692465539478,-0.46305,0.081,5.14995,-0.1060125,0.237325,0.5143875
1692465539507,-0.34800002,-0.21300001,6.77295,0.00495,0.2993375,0.2684
1692465539537,0.156,-0.43800002,7.6969504,0.0611875,0.2825625,0.100925
1692465539565,-0.06105,-0.30795002,7.7470503,0.08745,0.2288,0.002475
1692465539594,-1.0710001,0.41805002,7.5870004,0.0559625,0.0477125,-0.0187
1692465539619,-0.75705004,0.26700002,8.35095,0.0526625,-0.014712499,-0.0229625
1692465539648,0.42405003,-0.079050004,9.33705,0.0917125,-0.00605,-0.0235125
1692465539680,0.53400004,-0.34005,11.199,0.2057,0.086625,0.113025
1692465539710,-0.25695002,-0.08805001,10.258051,0.1483625,-0.1126125,0.3845875
1692465539739,-0.50100005,-0.29895002,9.79605,0.087725,-0.24007499,0.3944875
1692465539767,0.61605,-1.2709501,12.328951,0.0187,-0.235125,0.3260125
1692465539796,0.36705002,-1.197,13.641001,-0.0169125,-0.1568875,0.3878875
1692465539826,-0.47505003,-0.58905005,11.623051,-0.0867625,-0.1232,0.47547498
1692465539858,-0.68595004,0.094950005,10.500001,-0.2446125,-0.1813625,0.4690125
1692465539888,-0.26205,-0.09105001,11.008051,-0.1920875,-0.0803,0.2476375
1692465539916,-0.49695003,-0.22200002,11.331,-0.0999625,0.006325,0.09185
1692465539943,-0.33900002,-0.69600004,11.496,-0.0116875,0.065725,-0.0364375
1692465539971,-0.78900003,-0.33,11.40705,0.0501875,0.0903375,0.0438625
1692465540000,-1.07805,-0.10305001,11.194051,0.028324999,0.0875875,0.1975875
1692465540033,-0.666,-0.25305,12.540001,-8.25E-4,0.09625,0.334125
1692465540055,0.10095,-0.522,13.18605,-0.0144375,0.1485,0.5245625
1692465540092,-0.08505,-0.40695003,12.72105,-0.002475,0.1507,0.5435375
1692465540119,0.01695,0.31305,12.613951,0.014162499,0.026675,0.3122625
1692465540142,-0.075,0.72705,11.701951,0.01485,-0.050875,0.1662375
1692465540168,0.108,0.83895004,12.331051,0.07095,-0.1230625,-0.1065625
1692465540197,-0.015000001,1.014,13.35105,0.1417625,-0.132275,-0.1948375
1692465540224,0.02205,0.79200006,13.861051,0.2228875,-0.1373625,-0.24213749
1692465540254,0.087000005,-0.028050002,13.99005,0.33935,-0.1395625,-0.4800125
1692465540281,-0.666,0.39900002,15.031051,0.34375,-0.1332375,-0.60307497
1692465540308,-0.573,0.55905,14.593051,0.2234375,-0.086625,-0.3405875
1692465540339,-0.36495003,0.112050004,15.366001,0.152075,-0.0397375,-0.1021625
1692465540365,-0.61605,-1.2540001,15.627001,0.1106875,0.01155,-0.0011
1692465540392,-0.88695,-1.4670001,16.35705,0.045649998,0.077825,-0.08745
1692465540423,-0.61605,-1.2349501,16.101,-0.050049998,0.0933625,-0.0089375
1692465540449,-0.71895003,-0.61695004,14.047951,-0.3152875,0.1078,0.3988875
1692465540476,-0.58500004,-0.45405003,12.9199505,-0.384725,0.1057375,0.490875
1692465540508,-0.01305,-0.94005007,12.5130005,-0.3273875,0.0983125,0.268675
1692465540534,0.57000005,-1.5769501,12.243001,-0.26345,0.091437496,0.1425875
1692465540562,1.3579501,-1.7160001,10.953,-0.2237125,0.066825,0.114675
1692465540589,-0.42495003,-0.60300004,9.768001,-0.2638625,-0.078099996,0.29975
1692465540618,-1.176,-0.22695,8.691,-0.310475,-0.1698125,0.4274875
1692465540645,-0.003,-0.82995003,8.214001,-0.3205125,-0.2124375,0.510675
1692465540674,0.95100003,-1.5990001,7.8529506,-0.1934625,-0.0765875,0.555775
1692465540702,1.02705,-1.5820501,6.012,-0.1423125,-0.0083875,0.5346
1692465540731,0.108,-1.19895,3.8820002,-0.232925,-0.122099996,0.313225
1692465540758,0.49800003,-1.1890501,3.8509502,-0.325325,-0.2288,0.1654125
1692465540787,-0.16095,-0.48600003,5.6080503,-0.4455,-0.27885,0.0556875
1692465540816,-0.85305005,-0.411,8.253,-0.4538875,-0.2303125,0.0402875
1692465540844,-0.99195004,-0.43995002,7.9510503,-0.40713748,-0.1513875,-0.092675
1692465540871,0.04605,-1.074,6.306,-0.1423125,0.1643125,-0.785675
1692465540900,1.23105,-1.55595,5.94495,-0.0081124995,0.352,-1.1752125
1692465540928,1.55595,-1.7400001,6.7249503,0.0083875,0.4038375,-1.5522375
1692465540954,1.1400001,-1.3759501,5.0470505,-0.1111,0.203225,-1.47455
1692465540983,0.0,-0.23895001,4.65495,-0.25245,-0.082499996,-1.2541375
1692465541012,0.34305,-1.1340001,7.6780505,-0.385,-0.5394125,-0.413325
1692465541041,0.51000005,-1.7659501,10.371,-0.3311,-0.586575,0.09185
1692465541069,0.975,-1.43595,10.363951,-0.122099996,-0.411125,0.69519997
1692465541097,1.02495,-0.90900004,8.52795,-0.050049998,-0.3177625,0.740025
1692465541124,0.90000004,-0.88305,8.676001,-0.003575,-0.26345,0.650925
1692465541151,-0.35505003,-0.56700003,9.670051,0.0790625,-0.225775,0.1915375
1692465541180,-1.059,-0.31305,10.849951,0.1241625,-0.1953875,-0.058575
1692465541207,-0.27600002,-0.37305,9.13605,0.254375,0.053075,-0.2091375
1692465541238,-0.12795001,-0.043050002,8.46105,0.3331625,0.2393875,-0.142175
1692465541267,0.01695,-0.20805001,9.226951,0.4299625,0.43065,-0.2468125
1692465541293,0.17505,-0.80205005,9.468,0.4390375,0.4169,-0.4266625
1692465541320,0.42600003,-1.383,9.378,0.42941248,0.3733125,-0.5960625
1692465541349,0.30195,-1.4239501,9.265051,0.3048375,0.2358125,-0.641025
1692465541377,-0.36,-0.86100006,9.094951,0.17173749,0.1354375,-0.3763375
1692465541406,-0.34095,-0.67905,8.679001,0.0314875,0.039049998,0.017875
1692465541438,0.039,-0.47805002,8.889001,-0.0969375,0.00275,0.549175
1692465541459,-0.00795,-0.43800002,8.67105,-0.078925,0.058025,0.5159
1692465541492,0.079050004,-0.70605004,7.8139505,0.0111375,0.1408,-0.13585
1692465541519,0.028950002,-0.91395,7.7790003,0.05115,0.1518,-0.622875
1692465541546,0.14205001,-1.062,8.3220005,0.0658625,0.1505625,-1.0362
1692465541573,0.14595,-1.05495,7.9960504,0.0042625,0.11275,-1.2111
1692465541605,-0.60405004,-0.91905004,6.4879503,-0.049225,0.0798875,-1.0269876
1692465541635,-0.39105,-0.85200006,6.0649505,-0.1332375,0.042625,-0.6527125
1692465541665,0.29205,-0.91905004,6.879,-0.15413749,0.068475,-0.48125
1692465541695,0.064950004,-0.522,6.61005,-0.16445,0.1516625,-0.1436875
1692465541724,-0.49395,-0.48105,5.931,-0.153175,0.132825,-0.0776875
1692465541752,-0.0010500001,-1.02705,5.8279505,-0.0873125,0.0251625,-0.004675
1692465541783,0.3,-1.3069501,6.66795,-0.0526625,0.01705,0.145475
1692465541812,-0.216,-0.96900004,7.5460505,-0.050049998,0.01815,0.3883
1692465541841,-0.80505,-0.39195,6.6510005,-0.1546875,-0.0906125,0.9263375
1692465541867,-0.72405005,-0.11505,7.3120503,-0.13035,-0.084425,1.12915
1692465541896,-0.48195,-0.26505002,9.700951,-0.0226875,0.0232375,1.0918875
1692465541927,0.17295001,-1.04595,10.416,0.10945,0.139425,0.966625
1692465541956,0.22995001,-1.32105,10.584001,0.3014,0.2044625,0.5457375
1692465541985,-0.45600003,-1.2540001,11.91705,0.2828375,0.1084875,0.42405
1692465542021,-0.12795001,-1.575,13.06095,0.0719125,-0.1431375,0.48688748
1692465542036,0.27795002,-1.9890001,13.38405,-0.015675,-0.1786125,0.52635
1692465542074,-0.102000006,-1.881,13.2289505,-0.1137125,-0.1269125,0.429275
1692465542103,-0.35805002,-1.4860501,13.120951,-0.1577125,-0.1189375,0.3348125
1692465542131,-0.54195005,-0.96000004,13.114051,-0.1973125,-0.095975,0.128425
1692465542158,-0.85305005,-0.65595,13.04895,-0.1632125,-0.0506,0.02805
1692465542189,-0.77400005,-0.73005,12.25905,-0.092675,0.0037125,-0.0539
1692465542220,-0.61095005,-0.591,12.23295,0.0853875,0.107525,-0.1681625
1692465542249,-0.537,-0.48105,12.982051,0.18975,0.1727,-0.2684
1692465542278,-0.35805002,-0.88995004,13.70505,0.2149125,0.17765,-0.349525
1692465542305,0.00795,-0.77295005,13.665001,0.232925,0.1700875,-0.466125
1692465542338,0.43605003,-0.69105005,13.2289505,0.227975,0.1084875,-0.5647125
1692465542365,-0.549,-0.62895006,14.158051,0.1815,-0.0268125,-0.4158
1692465542394,-0.07305,-1.33305,16.32105,0.162525,-0.088825,-0.33825
1692465542421,-0.018000001,-1.2420001,15.532051,0.144925,-0.1164625,-0.2165625
1692465542450,-0.83595,-0.76305,13.392,0.084425,-0.0928125,0.1337875
1692465542479,-0.11100001,-1.1890501,14.707951,0.042625,-0.0785125,0.2707375
1692465542510,0.41400003,-1.7329501,15.982051,-0.0055,-0.02915,0.3801875
1692465542538,0.21105,-2.01495,14.352,-0.01925,-0.016224999,0.2996125
1692465542570,-0.76905006,-1.8280501,14.191051,-0.104637496,-0.091575,0.1007875
1692465542599,-0.63495004,-1.8430501,14.293951,-0.166375,-0.1263625,0.1494625
1692465542628,-0.657,-1.9890001,13.34895,-0.236225,-0.0677875,0.3474625
1692465542657,-0.71205,-1.7730001,12.71205,-0.23815,-0.01155,0.38445
1692465542688,0.261,-2.1709502,12.922951,-0.2308625,0.0275,0.38775
1692465542716,0.75900006,-2.5420501,11.830951,-0.2132625,0.0501875,0.30635
1692465542744,-0.15405001,-2.0010002,11.734951,-0.215875,0.0265375,0.1923625
1692465542773,-2.36805,-0.83295006,9.49695,-0.265375,-0.09735,0.0026125
1692465542803,-2.526,-0.84000003,7.7070003,-0.27445,-0.131725,0.053625
1692465542833,1.8360001,-3.07605,6.3229504,-0.1720125,0.0375375,0.5438125
1692465542863,1.3770001,-2.48895,6.04605,-0.127875,0.170225,0.965525
1692465542892,-0.82395005,-1.3620001,7.2619505,-0.166925,0.19635,1.2835625
1692465542920,-2.1340501,-0.23205002,6.97695,-0.4170375,-0.1238875,0.9832625
1692465542951,0.32595003,-0.63900006,6.3420005,-0.3909125,-0.1496,0.7426375
1692465542980,1.3740001,-0.61995006,5.406,-0.2376,0.0259875,0.8069875
1692465543009,1.45095,-0.924,5.289,0.051975,0.14739999,0.0796125
1692465543036,0.89595,-1.09095,6.4570503,0.1211375,0.0213125,-0.755975
1692465543066,0.546,-1.05795,5.36595,0.1238875,-0.14739999,-1.492975
1692465543095,0.192,-1.1920501,5.1979504,0.0364375,-0.3229875,-2.0843625
1692465543124,0.29505002,-0.69105005,5.88495,-0.00935,-0.309925,-1.95745
1692465543152,-0.50595003,0.55200005,5.5999503,-0.0765875,-0.24653749,-1.028775
1692465543182,-2.0719502,0.804,5.703,-0.034649998,-0.190025,-0.628925
1692465543209,0.24900001,-1.4290501,9.459001,0.3576375,0.185625,-0.5927625
1692465543241,2.028,-1.8910501,11.629951,0.586025,0.4642,-0.654775
1692465543269,1.14495,-0.85905004,8.96805,0.507375,0.4544375,-0.30415
1692465543298,-0.51600003,-0.31605002,8.37495,0.268675,0.117975,-0.2446125
1692465543326,-0.59505004,-0.67905,9.495001,0.0977625,-0.17985,-0.4170375
1692465543352,-0.058050003,-1.1220001,11.19705,0.053625,-0.2806375,-0.6560125
1692465543380,0.441,-0.81600004,9.82005,0.1211375,-0.0347875,-0.728475
1692465543410,0.22500001,0.042000003,8.25,0.0878625,0.100237496,-0.2761
1692465543439,0.52500004,-0.036000002,8.274,0.082225,0.061875,-0.1573
1692465543468,0.58695,-0.37095,8.652,0.1211375,0.018424999,-0.2083125
1692465543497,0.21300001,-0.66300005,8.70495,0.2453,-0.029975,-0.5869875
1692465543526,0.16995001,-0.82095003,8.643001,0.227425,-0.0803,-0.5784625
1692465543553,0.28500003,-0.77505004,8.7960005,0.227425,-0.0803,-0.5784625
1692465543582,0.33105,-0.555,8.37705,0.0988625,-0.06435,-0.1887875
1692465543612,0.01905,-0.47595003,7.6489506,-0.003025,-0.0210375,-0.1353
1692465543642,0.15405001,-0.73695004,7.1200504,-0.0213125,-0.007425,-0.2179375
1692465543672,0.22305001,-0.74205005,7.1280003,-0.025024999,0.0127875,-0.3194125
1692465543702,-0.45105,-0.27495003,6.024,-0.0457875,0.062975,-0.44825
1692465543729,-0.56595004,-0.26805001,4.9830003,-0.0617375,0.0840125,-0.18755
1692465543759,0.24000001,-0.85200006,6.3570004,-0.034375,0.1216875,0.0853875
1692465543787,0.30705002,-0.80895007,7.3840504,0.015675,0.20047499,0.6183375
1692465543820,-0.40995002,-0.35595003,6.9529505,-0.0092124995,0.1524875,0.79048747
1692465543894,-0.50895,-0.31305,7.4340005,0.013475,0.0312125,0.237875
1692465544045,-0.33105,-0.88995004,10.017,-0.0191125,-0.0075625,0.7893875
1692465544081,0.57495004,-1.4310001,11.710951,0.073975,0.152625,0.68901247
1692465544092,0.108,-1.182,11.934001,0.0774125,0.1975875,0.7082625
1692465544113,0.108,-1.182,11.934001,0.0774125,0.1975875,0.7082625
1692465544136,-0.58500004,-0.81105006,11.580001,-0.062975,0.0111375,0.7022125
1692465544161,0.08400001,-0.90900004,12.38895,-0.1126125,-0.072325,0.602525
1692465544188,0.45795003,-1.4239501,13.317,-0.087725,-0.0369875,0.3443
1692465544224,-0.09900001,-1.04295,12.89595,-0.0627,-0.022,0.22605
1692465544249,-0.81195,-0.63195,12.571051,-0.072875,-0.110825,0.12485
1692465544277,-0.066,-0.37800002,13.096951,-0.076175,-0.1326875,0.1128875
1692465544306,-0.34305,-0.31800002,11.899951,0.0114124995,-0.0253,-0.0559625
1692465544336,-0.264,-0.46605003,12.19995,0.076725,0.031625,-0.13695
1692465544364,0.22500001,-0.74205005,12.70695,0.127875,0.0534875,-0.1288375
1692465544394,0.49605003,-1.1890501,12.666,0.159775,0.033275,0.0411125
1692465544422,-0.00795,-0.80595005,13.420051,0.1368125,-0.0,0.1167375
1692465544451,-0.10395,-0.49995002,13.45905,0.087725,-0.048125,0.1577125
1692465544478,0.14895001,-0.31095,13.071001,-0.0055,-0.106837496,0.072875
1692465544511,-0.094050005,-0.43500003,13.5709505,0.0389125,-0.0691625,-0.0067375
1692465544538,0.012,-0.44700003,14.160001,0.0840125,-0.0493625,0.0275
1692465544566,0.33105,-0.38700002,13.879951,0.115225,-0.0369875,0.076725
1692465544596,0.0049500004,-0.22500001,13.618951,0.1230625,-0.033275,0.198
1692465544624,0.00795,-0.112050004,12.913051,0.1170125,-0.0433125,0.26427498
1692465544655,0.93900007,-0.91395,13.67895,0.1197625,-0.049225,0.15413749
1692465544684,0.70905006,-1.4170501,14.614951,0.11935,-0.04015,-0.0507375
1692465544712,-0.54,-1.5120001,14.098051,0.0528,-0.0669625,-0.50875
1692465544740,-1.0330501,-1.7569501,12.915001,-0.0221375,-0.0881375,-0.6323625
1692465544772,0.29505002,-2.8189502,15.4140005,-0.1772375,-0.0160875,-0.3256
1692465544795,-0.50100005,-2.62995,15.256051,-0.243925,0.0468875,0.0939125
1692465544828,-1.2240001,-2.3430002,13.224001,-0.3161125,0.070125,0.5317125
1692465544856,-0.87000006,-1.3590001,10.80195,-0.436425,0.0474375,0.98202497
1692465544884,0.26805001,-1.3069501,8.7289505,-0.4494875,0.0867625,0.963875
1692465544916,-0.70695,-0.39195,8.77005,-0.3557125,0.207075,0.5517875
1692465544946,-1.8780001,-0.96900004,8.68605,-0.2695,0.2058375,0.2352625
1692465544975,-0.37005,-2.2810502,9.153001,-0.08525,0.1610125,-0.22495
1692465545003,0.642,-2.56095,9.10005,-0.0284625,0.20515,-0.2058375
1692465545031,2.0299501,-3.1279502,8.097,-0.1299375,0.2506625,0.160875
1692465545058,0.120000005,-2.28795,6.603,-0.2688125,0.1296625,0.1689875
1692465545099,-1.0540501,-1.5010501,7.563,-0.553025,-0.2699125,-0.245025
1692465545118,-0.62100005,-1.6300501,7.6420503,-0.6180625,-0.3496625,-0.3114375
1692465545146,0.78495,-1.7539501,6.3520503,-0.5872625,-0.2668875,-0.2503875
1692465545176,0.61800003,-1.25205,3.82695,-0.3735875,0.0559625,-0.382525
1692465545205,1.233,-1.3570501,5.2390504,-0.3092375,0.0886875,-0.6452875
1692465545234,1.5799501,-1.8520501,7.0650005,-0.298375,0.0268125,-0.8446625
1692465545263,-0.05595,-1.3429501,6.66795,-0.3100625,-0.1794375,-0.991925
1692465545292,0.64695,-0.38700002,7.3020005,-0.2046,-0.2996125,-1.1097625
1692465545321,-1.3750501,-0.29895002,4.98495,-0.124437496,-0.275,-1.04665
1692465545352,-1.6480501,-1.25205,8.913,0.114125,-0.055,-0.936925
1692465545377,0.771,-2.08005,10.368,0.2740375,0.1353,-0.7898
1692465545408,1.72395,-1.1080501,9.052051,0.4104375,0.3625875,0.3675375
1692465545435,0.94605005,-0.31095,6.9649506,0.3480125,0.1926375,0.84741247
1692465545466,0.04605,-0.16005,8.487,0.274175,-0.3064875,0.4461875
1692465545495,-0.609,-0.043050002,9.22395,0.31735,-0.37345,0.0471625
1692465545523,-0.92700005,0.23595001,8.868,0.390775,-0.29205,-0.24255
1692465545553,0.60795003,0.076050006,8.56095,0.532125,0.111375,-0.4621375
1692465545580,0.86895007,-0.22695,9.12405,0.5775,0.298375,-0.408375
1692465545608,0.54405004,-0.61005,9.31095,0.575025,0.306625,-0.4257
1692465545639,0.441,-1.16805,9.816001,0.517825,0.1632125,-0.5413375
1692465545661,0.252,-0.97905004,9.954,0.423225,0.0243375,-0.51205
1692465545695,-0.312,-0.33,9.700951,0.1804,-0.1010625,0.1238875
1692465545722,-0.24300002,-0.21000001,8.920051,0.08855,-0.089375,0.43147498
1692465545752,-0.46305,-0.025950002,8.29605,0.056925,0.047025,0.4904625
1692465545781,-0.40995002,-0.14295001,9.09,0.0935,0.1293875,0.351175
1692465545811,0.055050004,-0.43995002,8.691,0.1672,0.2338875,0.1436875
1692465545838,0.0,-0.44700003,7.728,0.1813625,0.2484625,0.096525
1692465545866,-0.15900001,-0.51000005,6.8260503,0.133375,0.1799875,0.032449998
1692465545894,0.15795001,-0.49500003,6.3040504,0.0867625,0.1227875,0.066
1692465545922,0.087000005,-0.37305,6.25395,0.042075,0.078925,0.1956625
1692465545950,-0.231,-0.26505002,5.8639503,-0.032175,0.01375,0.489775
1692465545976,-0.43695003,-0.16695,5.727,-0.0493625,-0.0097624995,0.486475
1692465546005,-0.18105,-0.37305,5.50005,-0.045925,-0.0105875,0.3925625
1692465546033,0.264,-0.67695004,6.01695,-0.0026125,0.0801625,0.1337875
1692465546061,0.453,-0.82800007,7.4340005,0.0033,0.117975,0.0308
1692465546089,-0.14205001,-0.39900002,7.77405,-0.0807125,0.0187,0.192225
1692465546118,-1.107,0.21495001,7.80495,-0.13695,-0.0779625,0.4266625
1692465546148,-0.50100005,0.069000006,8.478001,-0.0856625,-0.0790625,0.67485
1692465546174,0.30705002,-0.56505,9.64095,0.033,0.039875,0.6370375
1692465546200,0.27105,-0.84195006,9.813001,0.1502875,0.1530375,0.52854997
1692465546231,-0.66195005,-0.66300005,9.259951,0.1530375,0.102437496,0.3133625
1692465546258,-0.492,-0.90000004,10.63395,0.053075,-0.0048125,0.3821125
1692465546284,0.522,-1.2250501,12.487051,-0.0941875,-0.0523875,0.792
1692465546312,0.25905,-0.85395,11.857051,-0.1276,-0.028875,0.9365125
1692465546342,-0.50895,-0.141,10.384951,-0.158125,-0.04895,0.960575
1692465546369,-0.135,-0.28005,11.698951,-0.1563375,-0.137775,0.7148625
1692465546399,0.27600002,-0.36795002,13.15005,-0.083875,-0.1161875,0.4467375
1692465546426,-0.31695002,-0.21300001,12.56595,0.099825,-0.02915,-0.2728
1692465546452,-0.88395005,-0.24105,11.47395,0.1496,-0.023375,-0.5355625
1692465546481,0.00795,-0.42105,12.39105,0.17215,-0.0155375,-0.6411625
1692465546504,0.058050003,-0.27,13.2960005,0.17875,0.02255,-0.597575
1692465546537,-0.68295,0.282,12.09195,0.15895,0.0950125,-0.2607
1692465546565,-0.50595003,0.34905002,11.59395,0.1461625,0.0493625,-0.045649998
1692465546592,-0.16395001,0.141,11.836051,0.1661,0.052249998,-0.0655875
1692465546618,-0.55395,-0.14595,12.87495,0.1923625,0.0765875,-0.1032625
1692465546647,-0.48900002,-0.41895002,14.104951,0.192775,0.0878625,-0.02695
1692465546677,-0.109050006,0.37305,12.664051,0.1610125,0.078925,0.0556875
1692465546705,-0.372,0.63600004,12.115951,0.1211375,0.0752125,0.1353
1692465546733,-0.30705002,0.20295002,14.493001,0.08965,0.0606375,0.2319625
1692465546761,-0.015000001,-0.06705,14.577001,0.115637496,0.045925,0.20845
1692465546789,0.02205,-0.34005,14.766001,0.1434125,0.0056375,0.172975
1692465546815,-0.24000001,-0.15,14.3230505,0.1106875,-0.0268125,0.2523125
1692465546845,-0.16095,0.040050004,14.802001,0.0061875,-0.0735625,0.508475
1692465546875,-0.52500004,-0.33705002,15.687,-0.0281875,-0.072875,0.549725
1692465546903,-1.06605,-0.57900006,15.445051,-0.0400125,-0.061325,0.466125
1692465546932,-1.12395,-0.711,14.244,-0.050875,-0.0067375,0.2206875
1692465546961,-0.82905006,-0.72300005,13.581,-0.0743875,0.04455,0.2116125
1692465546990,-0.61395,-0.65295005,13.284,-0.1370875,0.1472625,0.2607
1692465547020,-0.58995,-0.91200006,12.80805,-0.1571625,0.166375,0.25135
1692465547046,0.31395,-1.2610501,11.958,-0.1648625,0.158125,0.229625
1692465547078,0.41205,-1.1509501,11.392951,-0.1689875,0.095699996,0.089237496
1692465547104,-0.058050003,-1.1530501,11.57505,-0.1876875,0.0400125,-0.032175
1692465547130,-0.62805,-1.21305,11.179951,-0.24365,-0.102025,-0.2231625
1692465547160,-0.597,-1.52205,9.691051,-0.2542375,-0.1329625,-0.2627625
1692465547188,0.915,-1.7520001,6.3739505,-0.2651,-0.06435,-0.0897875
1692465547216,1.7839501,-1.8139501,5.77995,-0.2899875,-0.0257125,0.1417625
1692465547246,0.44295,-1.5480001,8.401051,-0.3796375,-0.147675,0.377025
1692465547274,0.41205,-1.4140501,9.495001,-0.4228125,-0.287925,0.228525
1692465547301,1.5490501,-1.58895,7.4700003,-0.44288749,-0.388575,0.0011
1692465547330,1.5589501,-1.1920501,5.20095,-0.3955875,-0.384175,-0.3177625
1692465547356,0.18495001,-0.42600003,4.116,-0.36987498,-0.38775,-0.4120875
1692465547385,-0.94905007,0.52095,4.9999504,-0.3452625,-0.4351875,-0.68915
1692465547414,-1.28205,0.79395,4.95405,-0.27665,-0.346225,-0.8388875
1692465547442,-1.14795,0.25095,4.473,-0.121825,-0.1302125,-0.9461375
1692465547468,-0.109050006,-0.47595003,6.6010504,0.317625,0.465025,-1.148675
1692465547498,0.84300005,-0.094950005,8.236051,0.4505875,0.661375,-1.1925375
1692465547527,-1.31805,-0.15795001,5.84205,0.41525,0.5676,-1.1345125
1692465547552,-2.73495,-0.13905,5.8369503,0.359425,0.3716625,-1.1842875
1692465547584,1.0699501,-1.35405,9.568951,0.328625,0.2541,-1.095875
1692465547611,1.35,-0.80895007,9.691051,0.202125,0.333575,0.155925
1692465547642,0.84795004,-0.34695002,7.5370502,0.06545,0.2479125,0.8457625
1692465547667,0.67800003,-0.25800002,8.42205,-0.0950125,-0.2503875,0.8452125
1692465547696,0.12195001,0.13095,9.495001,-0.0658625,-0.407,0.51315
1692465547724,-0.56100005,0.31995,9.780001,-2.75E-4,-0.4481125,0.219175
1692465547753,-0.23805001,0.15195,8.710051,0.1555125,-0.2971375,-0.1375
1692465547782,0.39795002,0.03795,8.66895,0.286825,0.0072875,-0.20515
1692465547812,0.59595,-0.20295002,9.066,0.306075,0.09625,-0.2330625
1692465547840,0.30705002,-0.39000002,8.64,0.291775,0.100375,-0.257125
1692465547868,0.27105,-0.55305004,8.676001,0.252725,0.042625,-0.193875
1692465547899,0.31605002,-0.49005002,9.765,0.12705,-0.0749375,0.087725
1692465547924,0.20895001,-0.35595003,9.471001,0.053075,-0.08635,0.1155
1692465547952,0.18705001,-0.09105001,8.7289505,-0.054449998,-0.0570625,0.0375375
1692465547980,0.079050004,0.025950002,8.52105,-0.06545,-0.039049998,0.0121
1692465548011,-0.25500003,-0.040050004,8.499001,-0.015675,2.75E-4,-0.159225
1692465548040,-0.20505,-0.049950004,8.0130005,0.0218625,0.029975,-0.2987875
1692465548070,0.027,-0.165,6.97905,0.0713625,0.1139875,-0.4489375
1692465548100,0.00795,-0.08805001,6.3450003,0.0759,0.144925,-0.41854998
1692465548128,-0.24000001,0.282,6.67005,0.057475,0.1419,-0.3510375
1692465548159,-0.15195,0.279,6.49095,0.0540375,0.1265,-0.4266625
1692465548188,-0.19005,0.39405003,6.03105,0.0694375,0.122375,-0.5962
1692465548218,0.24195,0.061950002,6.8689504,0.14973749,0.140525,-0.9097
1692465548247,0.0,-0.31305,7.7160006,0.197175,0.1101375,-0.7720625
1692465548277,-0.10605001,-0.057000004,7.42005,0.176275,0.0609125,-0.5677375
1692465548314,-0.006,0.057000004,7.2709503,0.067375,-0.015125,0.154825
1692465548339,0.22095,-0.064050004,8.253,0.021175,-0.006325,0.60555
1692465548366,0.34995002,-0.25095,8.746051,-5.5E-4,0.013062499,0.9323875
1692465548395,0.18195,-0.35205,8.974951,-0.0155375,-0.0240625,0.78815
1692465548422,0.261,-0.51405,9.44205,-0.0378125,-0.0735625,0.513425
1692465548451,-0.16095,-0.49995002,10.30395,-0.1016125,-0.11715,0.3708375
1692465548481,0.024,-0.744,10.941001,-0.131175,-0.097625,0.4994
1692465548507,-0.22395001,-0.90000004,10.31595,-0.1838375,-0.0213125,0.75625
1692465548536,-0.01305,-0.85905004,11.2879505,-0.2116125,0.0116875,0.8243125
1692465548570,0.16305001,-0.72300005,11.524951,-0.2550625,0.043175,1.0159875
1692465548597,-0.324,-0.522,11.338051,-0.2523125,0.0396,1.03785
1692465548624,-0.312,-0.70605004,12.042001,-0.195525,0.016224999,0.82774997
1692465548661,0.00795,-0.98595005,12.325951,-0.15565,0.0232375,0.711425
1692465548688,0.42900002,-1.26795,12.322051,-0.1013375,0.051975,0.539
1692465548713,-0.38595003,-0.957,12.87705,-0.1034,0.0385,0.482625
1692465548740,-1.0690501,-0.36600003,13.07295,-0.1164625,0.0083875,0.429
1692465548770,-1.23405,-0.36105,12.228001,-0.121,-0.0094875,0.3763375
1692465548795,-0.372,-0.35595003,12.183001,-0.0510125,0.0881375,0.341825
1692465548828,0.12495001,-0.61005,11.87205,0.0556875,0.22165,0.3532375
1692465548856,-0.003,0.04695,11.842951,0.0803,0.20927499,0.208175
1692465548885,0.34995002,-0.25305,12.994051,0.0924,0.149325,-0.08305
1692465548914,0.53205,-1.21305,14.481001,0.128425,0.0026125,-0.6628875
1692465548942,0.984,-2.45595,16.44795,0.1408,-0.0617375,-0.7371375
1692465548972,1.36695,-2.5819502,17.346,0.033825,-0.1912625,-0.4640625
1692465548999,0.53205,-1.6870501,15.900001,-0.0985875,-0.2492875,-0.285175
1692465549028,-0.35295,-0.35595003,14.734051,-0.3312375,-0.308825,-0.1749
1692465549060,-0.53205,-0.44295,14.095051,-0.337975,-0.27555,-0.2102375
1692465549084,-0.027,-0.9979501,14.296051,-0.2629,-0.1898875,-0.2561625
1692465549116,0.81405,-2.50095,15.574951,-0.0435875,0.026675,-0.285725
1692465549149,0.57495004,-3.0540001,13.948951,2.75E-4,0.0730125,-0.2325125
1692465549175,-0.31695002,-2.19705,13.521001,-0.126225,-0.014025,0.066825
1692465549203,-0.41505003,-1.5289501,12.93,-0.2369125,-0.0847,0.352825
1692465549231,-0.26205,-1.386,12.420001,-0.3334375,-0.1073875,0.906125
1692465549260,0.12495001,-1.74705,11.178,-0.2952125,-0.0496375,0.90585
1692465549290,-0.049050003,-1.9530001,11.03205,-0.1775125,0.067375,0.4327125
1692465549320,-0.06105,-1.7299501,10.62195,-0.155925,0.0697125,0.3091
1692465549348,0.312,-1.89795,9.96195,-0.1617,0.037675,0.351175
1692465549379,1.12995,-2.84805,7.8889503,-0.193325,-0.044,0.5908375
1692465549407,1.18005,-2.874,7.6330504,-0.2564375,-0.1276,0.5885
1692465549434,-0.27405003,-2.1370502,8.20695,-0.3388,-0.1926375,0.4709375
1692465549465,-0.91095006,-1.25205,7.0920005,-0.437525,-0.2564375,0.3493875
1692465549495,0.59400004,-1.05795,5.952,-0.4728625,-0.1909875,0.2652375
1692465549523,1.1539501,-0.70095,4.70295,-0.3768875,-0.0463375,0.2116125
1692465549551,0.82395005,-0.38700002,4.6639504,-0.16115,0.15413749,-0.4690125
1692465549580,-0.11805001,0.13305001,5.064,-0.0891,0.151525,-1.0676875
1692465549610,-0.882,0.054,5.385,0.0504625,0.149325,-2.192575
1692465549637,0.25605002,-0.70605004,6.0070505,0.14739999,0.249975,-2.6266625
1692465549668,0.34995002,-0.708,5.70795,0.3276625,0.51975,-2.94085
1692465549696,-0.56100005,-0.22500001,4.2670503,0.3350875,0.52525,-2.7021499
1692465549726,-1.0180501,-0.31305,5.56395,0.237875,0.355025,-1.7681125
1692465549754,0.28800002,-2.1679502,9.538051,0.22825,0.3386625,-1.233375
1692465549783,0.702,-2.70705,12.694951,0.2248125,0.36313748,-0.563475
1692465549812,1.0180501,-2.094,12.255,-0.020624999,0.1892,1.221
1692465549841,0.48900002,-1.62705,8.56095,-0.18975,-0.0301125,1.6498625
1692465549872,-0.13995,-1.4430001,9.00195,-0.29425,-0.3342625,1.18635
1692465549900,-0.51795,-1.062,10.243951,-0.2706,-0.353375,0.8947125
1692465549927,-0.96105003,-0.45405003,9.42105,-0.1431375,-0.1969,0.6975375
1692465549959,-0.31005,0.07095,7.45095,-0.02805,-0.055825,0.6947875
1692465549994,-0.34605002,0.16005,7.68795,0.26235,0.2327875,0.3487
1692465550020,0.22095,-0.07395,8.236051,0.390225,0.3163875,-0.0383625
1692465550046,0.15795001,-0.37095,9.784051,0.4824875,0.33935,-0.4521
1692465550073,-0.35295,-0.18195,8.748,0.52635,0.2360875,-0.9497125
1692465550104,-0.312,0.40605003,7.0080004,0.4851,0.150975,-0.960575
1692465550131,-0.010950001,0.38505003,7.9680004,0.4087875,0.07205,-0.7715125
1692465550155,0.44595003,-0.10695001,8.643001,0.4246,0.09185,-0.769725
1692465550180,0.33105,-0.38295,9.064051,0.4569125,0.1076625,-0.834625
1692465550206,-0.14205001,-0.34905002,8.875051,0.4613125,0.0823625,-0.8595125
1692465550239,0.34305,-0.69105005,7.31895,0.3141875,-0.0529375,-0.50655
1692465550263,0.18195,-0.51000005,5.95905,0.2080375,-0.0925375,-0.2360875
1692465550289,-0.25005,0.034950003,6.5890503,0.0303875,-0.104637496,0.155925
1692465550317,-0.09900001,-0.069000006,7.4700003,-0.0254375,-0.1038125,0.242825
1692465550349,-0.42195,0.24300002,6.3109503,-0.0048125,-0.043175,0.1381875
1692465550377,-0.41505003,0.052050002,5.7300005,0.04675,0.011,0.022824999
1692465550406,-0.147,-0.22200002,5.4229503,0.1203125,0.106837496,-0.194975
1692465550436,-0.504,-0.055050004,5.3749504,0.1260875,0.1348875,-0.1797125
1692465550466,0.087000005,-0.294,7.34805,0.083875,0.1593625,0.2495625
1692465550496,-0.68295,0.23400001,8.65005,0.061325,0.1731125,0.4547125
1692465550522,-1.1020501,0.27,7.8700504,0.050325,0.1643125,0.5267625
1692465550552,-0.54195005,-0.38295,8.87205,0.089925,0.1288375,0.3625875
1692465550582,-0.291,-0.79395,9.813001,0.130075,0.169675,0.3003
1692465550612,0.028950002,-0.92805004,11.95995,0.07975,0.2052875,0.538725
1692465550640,0.058050003,-0.735,11.395051,-0.0364375,0.1263625,0.7794875
1692465550665,-0.22395001,-0.47805002,10.584001,-0.1604625,0.014712499,0.963875
1692465550695,-0.69795,-0.079050004,9.724951,-0.271975,-0.15785,0.95315
1692465550725,-0.08205,-0.68205005,12.72105,-0.247775,-0.1777875,0.8342125
1692465550754,0.31605002,-0.59805006,12.03705,-0.12705,-0.1101375,0.5330875
1692465550786,-1.1190001,-0.069000006,11.74005,-0.053625,-0.0792,0.2492875
1692465550808,-1.047,-0.165,12.8550005,-0.0369875,-0.0763125,0.1896125
1692465550840,-0.44400004,-0.53805,13.63605,-0.0088,-0.0367125,0.1557875
1692465550870,-0.123,-0.47400004,12.250051,0.05335,0.10065,0.0471625
1692465550897,-0.42705002,-0.124050006,11.34,0.047849998,0.113299996,0.04675
1692465550928,-0.27405003,-0.35895002,12.49905,-0.0028875,0.035475,0.38953748
1692465550955,0.027,-0.80895007,12.70905,-0.0067375,0.0031625,0.6147625
1692465550983,-0.915,-0.29895002,12.37005,0.0066,-0.025575,0.650925
1692465551013,-0.48495004,0.15,12.286051,-2.75E-4,-0.0286,0.514525
1692465551042,0.66105,-0.33,13.2310505,0.0011,-0.01045,0.395175
1692465551071,0.49800003,0.049950004,14.377951,0.0774125,0.016775,0.064075
1692465551100,-0.32895002,0.033,14.445001,0.1211375,-0.0490875,-0.1959375
1692465551131,-0.61395,0.342,14.305951,0.143275,-0.147675,-0.374825
1692465551159,0.30900002,0.13095,14.892001,0.1527625,-0.183425,-0.33935
1692465551190,-0.00795,0.08295,13.767,0.164725,-0.06545,-0.2869625
1692465551219,-0.29295,-0.012,14.293951,0.1582625,-0.0587125,-0.318175
1692465551250,0.34305,-0.74700004,15.687,0.11385,-0.080575,-0.3603875
1692465551284,-0.54,-0.90000004,14.703001,0.077825,-0.07095,-0.321475
1692465551311,-1.128,-0.66,12.931951,-0.050049998,-0.0583,-0.041249998
1692465551340,-0.13005,-0.84000003,13.477951,-0.12045,-0.040425,0.156475
1692465551368,0.00795,-1.197,14.15505,-0.1898875,0.051975,0.4992625
1692465551398,-0.84105,-1.04805,12.585001,-0.2013,0.068475,0.589875
1692465551425,-0.81495005,-1.18005,11.649,-0.2127125,0.049775,0.5787375
1692465551455,-1.5160501,-0.55305004,11.415001,-0.235125,0.047849998,0.3078625
1692465551485,-1.42005,-0.162,10.464001,-0.2374625,0.095975,0.18535
1692465551512,0.039,-0.39705002,8.89605,-0.1881,0.22247499,0.141625
1692465551540,0.24000001,-0.97905004,8.290951,-0.1343375,0.2624875,0.2198625
1692465551571,-0.17805001,-1.24905,8.52795,-0.0812625,0.172425,0.3322
1692465551601,-1.626,-0.85200006,7.4340005,-0.1274625,0.0631125,0.3023625
1692465551633,-0.762,-1.1580001,6.4759502,-0.254375,-0.0474375,0.2281125
1692465551660,0.29505002,-1.3780501,5.2369504,-0.2759625,0.0176,0.2651
1692465551693,0.84795004,-1.0510501,4.04895,-0.3146,0.16005,0.55825
1692465551720,1.3770001,-0.84000003,3.7860003,-0.3603875,0.10285,0.6098125
1692465551750,-1.03005,0.18795002,4.15905,-0.4153875,-0.1802625,0.0708125
1692465551778,-1.026,0.03795,6.6390004,-0.377025,-0.2937,-0.3784
1692465551807,1.056,-1.0390501,7.977,-0.1095875,-0.1874125,-0.81014997
1692465551842,1.338,-1.029,6.984,0.0572,-0.018424999,-0.79475
1692465551869,-0.27405003,-0.0019500001,5.3040004,0.14533749,-0.056649998,-0.88783747
1692465551901,-1.7200501,0.55200005,7.4389505,0.0818125,-0.2550625,-0.9268875
1692465551936,0.18900001,-0.16995001,9.93,0.1155,-0.2586375,-0.6281
1692465551965,0.864,-0.49305,9.042001,0.259325,0.01925,-0.3953125
1692465551995,0.94305,-0.29205,7.8220506,0.45787498,0.30621248,-0.2904
1692465552024,-0.15405001,-0.20805001,8.652,0.4230875,0.1508375,-0.356125
1692465552054,-0.051000003,-0.69900006,9.693001,0.2635875,-0.2151875,-0.2553375
1692465552087,0.37095,-0.66795003,9.387,0.16775,-0.1929125,0.2503875
1692465552114,0.28305,0.054,8.644951,0.1122,-0.122925,0.60115
1692465552142,0.23700002,0.27195,8.928,0.055,-0.0906125,0.82156247
1692465552171,0.11505,0.13305001,9.16905,0.0562375,-0.0906125,0.358325
1692465552199,0.14595,-0.32295,9.267,0.11715,-0.0763125,-0.15785
1692465552226,0.13005,-0.45000002,9.126,0.1750375,-0.0540375,-0.5732375
1692465552256,-0.09195001,-0.44505003,8.938951,0.1716,-0.0166375,-0.6862625
1692465552283,-0.030000001,-0.38295,9.03495,0.110825,-1.375E-4,-0.5234625
1692465552313,-0.14505,-0.21795002,8.599951,0.042075,0.0207625,-0.38279998
1692465552349,-0.16395001,-0.38700002,7.2739506,-0.0347875,0.1012,-0.5874
1692465552376,0.14595,-0.72495,7.116,-0.02365,0.1233375,-0.7492375
1692465552402,0.14400001,-0.47805002,6.9889503,-0.02145,0.134475,-0.814
1692465552431,-0.45105,-0.29895002,6.45195,-0.0856625,0.0917125,-0.655325
1692465552459,-0.882,-0.17400001,6.51,-0.1186625,0.0581625,-0.588225
1692465552486,-0.68805003,-0.32505003,5.58405,-0.0925375,0.1098625,-0.5152125
1692465552514,-0.45600003,-0.52905005,4.8130503,-0.0537625,0.1942875,-0.377575
1692465552541,-0.252,-0.65805006,6.3450003,-0.032175,0.271425,-0.1376375
1692465552573,0.16305001,-0.45705003,7.9600506,-0.094875,0.295075,0.5526125
1692465552601,-0.52305,-0.23700002,7.79295,-0.1494625,0.230175,0.8600625
1692465552628,-1.5160501,0.35595003,6.3619504,-0.1518,0.0308,0.9326625
1692465552658,-0.76005006,0.034950003,7.8820505,-0.072875,0.00935,0.7753625
1692465552688,0.19905001,-0.43500003,9.271951,0.0429,0.0856625,0.6642625
1692465552716,0.321,-1.10595,10.45695,0.214225,0.24213749,0.631675
1692465552746,-0.33900002,-0.52605003,10.222051,0.1942875,0.158675,0.5786
1692465552775,-0.74805003,-0.45705003,9.93,0.02255,-0.1507,0.554125
1692465552803,-0.23805001,-0.65595,11.383051,-0.0433125,-0.2127125,0.661925
1692465552834,0.31905,-1.09605,12.231001,-0.0837375,-0.127875,0.867625
1692465552858,0.010050001,-1.0390501,12.360001,-0.091025,-0.089375,0.83503747
1692465552890,-0.64305,-0.624,12.085051,-0.13213749,-0.14795,0.522775
1692465552918,-0.882,-0.711,12.25695,-0.1475375,-0.1731125,0.3936625
1692465552948,-0.50595003,-1.0669501,12.343051,-0.1419,-0.1456125,0.3342625
1692465552976,-0.513,-0.85395,13.510951,-0.100237496,0.0132,0.3089625
1692465553006,-1.0350001,-0.16995001,12.441001,-0.097075,0.0845625,0.22687499
1692465553034,-1.2910501,0.12900001,11.710951,-0.0831875,0.084975,0.1395625
1692465553063,-0.67395,-0.021000002,12.15705,-0.0323125,0.1012,0.00275
1692465553093,-0.3,-0.48600003,13.03995,0.1423125,0.1846625,-0.3768875
1692465553120,-0.74505,-0.61995006,12.754951,0.2072125,0.1973125,-0.55962497
1692465553153,-0.83895004,-0.057000004,13.333951,0.2028125,0.1054625,-0.7071625
1692465553178,0.031050002,-0.37995002,13.5400505,0.1601875,0.0625625,-0.62865
1692465553208,0.41205,-0.92805004,14.454,0.1271875,0.0484,-0.510125
1692465553238,0.252,-1.4170501,15.496051,0.0922625,-0.011,-0.3999875
1692465553266,-0.70995003,-1.0170001,14.347051,-0.0232375,-0.1788875,-0.37345
1692465553296,-0.87705004,-0.70605004,13.212001,-0.0947375,-0.2204125,-0.3102
1692465553321,-0.966,-0.46605003,12.994051,-0.1381875,-0.197725,-0.2165625
1692465553352,-0.79095006,-0.82095003,13.273951,-0.1414875,-0.1241625,-0.1211375
1692465553384,-0.68295,-1.491,12.966001,-0.077825,0.0386375,0.04675
1692465553412,-0.62805,-1.5769501,13.413001,-0.0776875,0.086075,0.3078625
1692465553441,-0.92505,-1.44105,12.774,-0.1254,0.073699996,0.4712125
1692465553466,-0.97305006,-1.36905,12.525001,-0.1821875,0.055,0.5979875
1692465553499,-1.0879501,-1.539,13.818001,-0.2413125,0.047575,0.58905
1692465553529,-0.96795005,-1.70895,13.554001,-0.21395,0.093225,0.325325
1692465553557,-1.284,-1.6849501,12.73095,-0.19607499,0.112475,0.23265
1692465553587,-1.4970001,-1.48395,11.635051,-0.190025,0.1225125,0.1929125
1692465553620,-0.33900002,-1.9069501,12.003,-0.193875,0.1276,0.2410375
1692465553647,0.30705002,-2.46495,11.529,-0.1940125,0.135025,0.33935
1692465553676,-0.37395,-2.12295,9.660001,-0.202125,0.096525,0.2767875
1692465553710,-1.4130001,-1.71405,8.092051,-0.2872375,-0.085525,0.110275
1692465553735,-0.74805003,-2.3449502,7.0650005,-0.3383875,-0.13695,0.1197625
1692465553765,1.0129501,-3.2650502,6.8590503,-0.3735875,-0.113575,0.2088625
1692465553795,0.055050004,-2.3119502,6.9810004,-0.4739625,-0.0463375,0.531025
1692465553823,-0.92505,-1.1010001,6.15105,-0.557425,-0.111237496,0.5971625
1692465553853,-1.1400001,-0.46905002,4.5259504,-0.6067875,-0.22055,0.26427498
1692465553884,-0.41505003,-0.16695,3.7360501,-0.506825,-0.12925,-0.0284625
1692465553911,0.44595003,-0.15795001,5.7580504,-0.150975,0.225775,-0.6048625
1692465553938,0.59895,0.09,6.8160005,0.0347875,0.357225,-0.92785
1692465553970,0.012,-0.45195,4.947,0.41305,0.3928375,-2.0585124
1692465553999,0.96000004,-0.83505005,5.3250003,0.57145,0.3125375,-2.6659875
1692465554028,1.02705,-0.35895002,6.6390004,0.6028,0.088275,-2.68675
1692465554057,-2.49795,0.43695003,6.3469505,0.51301247,-0.061049998,-2.3128874
1692465554084,-3.0169501,0.04695,6.6780005,0.43945,-0.22055,-2.0502625
1692465554116,1.9890001,-1.845,11.125051,0.46695,-0.0433125,-1.539175
1692465554151,2.124,-1.6180501,10.01895,0.4851,0.289025,-0.9466875
1692465554179,-0.15405001,-0.675,8.856,0.1896125,0.0966625,0.339625
1692465554209,-1.0210501,-0.28005,10.705951,-0.0842875,-0.582725,0.2822875
1692465554237,-1.38195,-0.036000002,10.65795,-0.057475,-0.5201625,0.087175
1692465554265,-1.24605,0.19095,8.583,0.0471625,-0.2564375,-0.0510125
1692465554292,-0.78900003,-0.21495001,7.93695,0.3025,0.312125,-0.23265
1692465554325,0.23505001,-1.2780001,10.26795,0.3883,0.47341248,-0.3020875
1692465554351,0.73800004,-1.6660501,10.82295,0.4202,0.5333625,-0.2924625
1692465554381,-0.03195,-1.3660501,9.52095,0.225775,0.3213375,0.2740375
1692465554410,-0.75495005,-0.82605004,8.875051,-0.1555125,-0.090475,0.897875
1692465554439,-0.37695003,-0.78495,9.081,-0.2641375,-0.1879625,0.9328
1692465554468,-0.08505,-0.67005,8.974951,-0.2869625,-0.1766875,0.868725
1692465554500,-0.34095,-0.76605004,8.427,-0.1750375,-0.017324999,0.5809375
1692465554528,-0.42195,-0.89505005,8.89395,-0.0609125,0.0292875,0.19415
1692465554557,0.19905001,-1.536,9.8230505,-0.0339625,0.0254375,0.1783375
1692465554587,0.14400001,-1.09605,8.905951,-0.0521125,-0.008525,0.5080625
1692465554617,0.24195,-0.54795,7.5370502,-0.091575,-0.0671,0.641575
1692465554644,0.36405003,-0.58395004,7.0080004,-0.12375,-0.133925,0.6535375
1692465554671,-0.17805001,-0.40695003,6.33795,-0.0878625,-0.1923625,0.254375
1692465554700,-0.37695003,-0.24900001,5.5810504,-0.0323125,-0.1824625,-0.1161875
1692465554729,-0.21900001,-0.57195,4.2000003,0.0664125,-0.076175,-0.705925
1692465554760,0.50805,-1.113,5.58795,0.0908875,0.0055,-0.7244875
1692465554790,0.54405004,-0.77805007,7.7569504,0.033275,0.0490875,-0.050875
1692465554818,-0.36705002,0.028050002,7.3720503,-0.0435875,-0.04675,0.5116375
1692465554845,-1.55505,0.64305,5.8639503,-0.061325,-0.2352625,1.05435
1692465554877,-0.19695,-0.18195,7.1320505,0.0614625,-0.1496,0.9389875
1692465554900,0.46500003,-0.69600004,8.6640005,0.2212375,0.0386375,0.803275
1692465554933,0.13005,0.124050006,8.607,0.3713875,0.237875,0.656975
1692465554961,-0.9990001,0.162,7.70205,0.3331625,0.1203125,0.4475625
1692465554989,0.312,-1.338,10.029,0.240625,-0.100375,0.108075
1692465555022,1.422,-1.89795,12.879001,0.213125,-0.0556875,0.1750375
1692465555051,1.0540501,-1.5319501,12.24495,0.129525,-0.0226875,0.4156625
1692465555081,-0.24495001,-0.46905002,10.087951,-0.21395,-0.2704625,0.8661125
1692465555109,0.024,-0.615,11.60595,-0.3213375,-0.4142875,0.72214997
1692465555138,0.003,-0.90900004,12.40995,-0.241725,-0.3378375,0.6276875
1692465555168,0.027,-1.3950001,12.292951,-0.04235,-0.1199,0.44494998
1692465555194,0.22800002,-1.5150001,13.14795,-2.75E-4,-0.0460625,0.3069
1692465555224,0.096,-1.113,13.924951,-0.0424875,0.02035,0.0897875
1692465555253,-0.68595004,-0.22905001,11.866951,-0.0804375,0.026675,-0.0163625
1692465555281,-1.3249501,0.79605,11.083951,-0.088,0.0317625,-0.1568875
1692465555312,-0.69495004,0.42795002,12.83205,0.0578875,0.1304875,-0.4261125
1692465555341,0.36405003,-0.93600005,13.39605,0.190025,0.2330625,-0.56595
1692465555369,1.41495,-1.8520501,13.738951,0.3656125,0.31405,-0.8006625
1692465555398,0.84495,-1.2610501,12.714001,0.31735,0.2138125,-0.716375
1692465555426,0.48900002,-0.29205,13.996951,0.039875,-0.1065625,-0.3001625
1692465555456,-0.29505002,-0.33495003,13.315051,-0.0429,-0.2030875,-0.168575
1692465555482,-0.60405004,-0.91200006,13.332001,-0.041525,-0.2237125,-0.115637496
1692465555512,-0.95100003,-1.02195,14.62695,0.0490875,-0.1084875,-0.1087625
1692465555543,-0.32205,-1.098,15.394951,0.054449998,-0.0155375,-0.0334125
1692465555572,-0.33900002,-1.02195,13.84605,-0.001925,0.1375,0.3777125
1692465555602,-0.31500003,-1.09095,14.959051,-0.0451,0.1524875,0.48633748
1692465555639,-0.15195,-1.9410001,16.15905,-0.053625,0.1282875,0.3636875
1692465555666,0.14895001,-2.43195,15.517051,-0.059675,0.1005125,0.253275
1692465555693,0.12495001,-2.4150002,13.279051,-0.1291125,0.0281875,0.2209625
1692465555722,0.12495001,-2.4150002,13.279051,-0.1291125,0.0281875,0.2209625
1692465555751,-0.573,-1.9740001,12.786,-0.3499375,-0.0759,0.359975
1692465555782,-0.34800002,-2.262,12.208951,-0.3575,-0.0600875,0.2990625
1692465555810,0.16095,-2.6110501,11.517,-0.30827498,0.0264,0.1236125
1692465555839,-0.22800002,-2.39595,11.821051,-0.3034625,0.04675,0.136125
1692465555869,-0.19695,-2.403,10.92405,-0.322025,0.0356125,0.212575
1692465555899,-1.059,-2.23095,9.934951,-0.3689125,-0.0257125,0.355575
1692465555928,-1.46595,-1.7490001,8.563951,-0.37125,-0.0372625,0.3487
1692465555958,1.6140001,-2.4480002,8.17095,-0.347325,0.0224125,0.3672625
1692465555986,1.08,-1.8000001,7.7400002,-0.3378375,0.0614625,0.4926625
1692465556015,-0.45105,-0.25605002,7.3740005,-0.34141248,-0.02585,0.321475
1692465556042,-1.5640501,0.44205,6.8500504,-0.32587498,-0.1423125,0.005225
1692465556075,-1.26195,1.062,3.9610503,-0.091437496,-0.068475,-0.6642625
1692465556102,0.57000005,0.33405003,2.7640502,0.1373625,0.1720125,-1.001825
1692465556129,1.7310001,-0.37305,3.9889503,0.5819,0.6325,-1.77375
1692465556157,1.23105,-0.81600004,6.56505,0.6919,0.63195,-2.215125
1692465556188,0.11505,-0.54495,7.1179504,0.568975,0.065725,-2.5210624
1692465556218,-0.76500005,-0.093,3.8700001,0.4115375,-0.2490125,-2.1256125
1692465556247,-0.74295,-0.34695002,3.2329502,0.2908125,-0.3870625,-1.5291375
1692465556280,-0.010950001,-2.0629501,8.20905,0.2085875,-0.1645875,-0.23815
1692465556308,0.41400003,-1.79295,10.189051,0.0276375,0.0559625,1.52955
1692465556336,0.606,-0.735,7.623,-0.170775,-0.0325875,2.4077625
1692465556367,0.76395005,-0.22200002,6.9529505,-0.3818375,-0.31295,2.44585
1692465556396,0.75000006,-0.92595005,8.746051,-0.314325,-0.3680875,1.763025
1692465556424,-0.34305,-1.125,11.6970005,-0.1881,-0.381975,1.013925
1692465556454,-0.86805004,-0.57405,10.95495,0.025024999,-0.3535125,0.2030875
1692465556483,-1.03695,0.483,8.797951,0.0848375,-0.2662,0.3048375
1692465556512,0.34500003,0.31005,7.8030005,0.146025,-0.1181125,0.5847875
1692465556546,0.47205,0.33,9.550051,0.3553,0.223025,0.69465
1692465556574,0.12705001,0.14805001,9.745951,0.5357,0.2638625,-0.455125
1692465556602,0.132,-0.17400001,9.859051,0.56374997,0.166925,-1.1130625
1692465556630,0.61605,-0.82305,10.13595,0.508475,0.034375,-1.5335375
1692465556661,0.32295,-0.68700004,9.9210005,0.4277625,0.0108624995,-1.3052875
1692465556690,-0.264,-0.186,10.10295,0.192225,-0.0429,-0.533225
1692465556718,-0.37005,0.16905001,9.52095,0.093637496,-0.0567875,-0.2132625
1692465556744,-0.432,0.33405003,8.125951,0.0488125,-0.03355,-0.0396
1692465556777,-0.16605,0.17595,7.9890003,0.100925,0.089925,-0.1969
1692465556800,-0.05595,0.034950003,8.379001,0.1518,0.1408,-0.4222625
1692465556825,-0.003,-0.061950002,8.475,0.192225,0.167475,-0.6161375
1692465556852,-0.42195,-0.11505,8.382,0.2017125,0.143825,-0.7151375
1692465556880,-0.030000001,-0.615,7.03905,0.17435,0.1106875,-0.68585
1692465556908,-0.00795,-0.38295,6.6660004,0.08855,0.086899996,-0.408375
1692465556933,-0.030000001,-0.30795002,7.3980002,0.025575,0.081675,-0.0823625
1692465556962,-0.279,-0.42105,6.6220503,-0.045925,0.0605,0.24653749
1692465556994,-0.85995007,-0.40695003,6.117,-0.146025,0.015125,0.430375
1692465557027,-0.18795002,-0.45195,6.7369504,-0.1634875,0.0823625,0.2875125
1692465557057,-0.25500003,-0.17205001,7.0990505,-0.1590875,0.1505625,0.302225
1692465557084,-0.46095002,-0.0019500001,5.256,-0.1464375,0.18975,0.306075
1692465557110,-0.57105005,-0.079050004,6.366,-0.0749375,0.1419,0.072875
1692465557138,-0.28605002,-0.30600002,8.6640005,-0.0276375,0.121275,-0.0254375
1692465557166,-0.3,-0.46905002,9.4470005,0.0418,0.138325,-0.0633875
1692465557196,0.072000004,-0.79200006,9.085951,0.0578875,0.12815,-0.1101375
1692465557221,0.22305001,-1.1370001,8.901,0.0501875,0.0862125,-0.1450625
1692465557253,0.24705002,-1.3399501,11.053051,-0.093225,-0.069575,0.11495
1692465557280,-0.043950003,-1.299,11.467051,-0.20515,-0.158675,0.29645
1692465557310,0.21795002,-0.94500005,11.149051,-0.298925,-0.22687499,0.4013625
1692465557339,-0.26700002,-0.38700002,10.737,-0.356675,-0.2435125,0.4838625
1692465557369,-0.231,-0.58395004,11.22795,-0.248325,-0.166925,0.47808748
1692465557396,-0.14205001,-0.71505004,11.685,-0.15675,-0.1194875,0.4455
1692465557425,0.26805001,-0.53805,10.840051,0.0064625,-0.0336875,0.2968625
1692465557453,-0.171,-0.39900002,10.203,0.0539,-0.016224999,0.14739999
1692465557482,-0.666,-0.43305,11.773951,0.0792,-0.019524999,-0.0033
1692465557511,0.10095,-1.062,11.436001,0.1032625,-0.0066,-0.23567499
1692465557537,0.24000001,-0.90195006,11.403001,0.107525,0.032725,-0.3493875
1692465557572,-0.64995,-0.39705002,11.866951,0.05775,0.0532125,-0.3095125
1692465557599,-1.296,-0.097950004,11.247001,0.0165,0.0257125,-0.141075
1692465557627,-1.3410001,-0.273,11.977051,0.0133375,0.064899996,0.1153625
1692465557655,-1.3219501,-0.46905002,13.19295,0.055275,0.151525,0.1810875
1692465557684,-0.41505003,-0.675,13.744051,0.09735,0.2424125,0.2288
1692465557713,0.012,-0.34695002,13.783951,0.11385,0.3007125,0.294525
1692465557741,-0.27600002,-0.49800003,13.762951,0.0983125,0.245575,0.27115
1692465557771,-1.0710001,-0.30600002,14.920951,0.0845625,0.0444125,0.0506
1692465557797,-0.10605001,-1.09095,17.26905,0.0891,-0.0187,-0.0367125
1692465557824,-0.40995002,-1.13205,17.254951,0.0906125,-0.03355,-0.0716375
1692465557856,-1.6290001,-0.38505003,14.610001,0.0479875,-0.015675,-0.144925
1692465557886,-0.35505003,-0.89295006,15.004951,-0.005775,0.0312125,-0.2866875
1692465557914,-0.039,-1.1509501,15.273001,-0.0045375,0.0815375,-0.330275
1692465557943,-0.64695,-1.4239501,15.402,-0.003575,0.1062875,-0.3223
1692465557972,-1.5619501,-1.7400001,14.137951,-0.0639375,0.0193875,-0.211475
1692465558003,-0.702,-2.094,12.85305,-0.1109625,-0.0177375,-0.16499999
1692465558028,0.44805002,-2.7859502,13.612051,-0.2184875,0.02585,0.08085
1692465558056,0.060000002,-2.8240502,12.999001,-0.29067498,0.0334125,0.252725
1692465558086,-0.85605,-1.9390501,11.14605,-0.37193748,-0.0160875,0.378125
1692465558115,0.18900001,-1.8600001,12.0060005,-0.4906,-0.1689875,0.639925
1692465558141,0.58905005,-1.6609501,11.544001,-0.4890875,-0.1945625,0.7973625
1692465558169,0.45795003,-1.64205,10.227,-0.379775,-0.2046,0.758725
1692465558199,0.43800002,-1.8379501,8.262,-0.3095125,-0.2250875,0.5234625
1692465558229,-1.1380501,-1.4070001,8.997001,-0.223025,-0.2443375,0.0369875
1692465558257,-1.84905,-0.67905,8.29605,-0.212575,-0.2256375,-0.0389125
1692465558287,-1.0879501,-0.531,6.4429502,-0.142175,-0.0169125,0.11495
1692465558317,0.64905006,-1.65795,5.54295,-0.0592625,0.1654125,0.16775
1692465558351,1.5300001,-1.8019501,4.887,0.0374,0.32587498,0.077
1692465558370,1.212,-1.7539501,4.6260004,0.0374,0.32587498,0.077
1692465558408,-1.047,-0.555,4.02495,-0.2935625,-0.266475,0.1731125
1692465558433,-0.846,-0.411,4.6909504,-0.3509,-0.3641,0.17655
1692465558460,0.16305001,-0.62205005,5.3920503,-0.3147375,-0.289575,0.20295
1692465558487,0.42195,-1.125,5.6530504,-0.20735,-0.100375,0.2415875
1692465558517,-0.010950001,-1.04805,4.7719502,0.0169125,0.164725,-0.14973749
1692465558546,0.69705003,-0.69600004,5.79195,0.0523875,0.142725,-0.5434
1692465558575,0.651,-0.78195006,7.1920505,-0.0232375,-0.0430375,-0.608025
1692465558604,-0.18300001,-0.86100006,8.418,-0.0290125,-0.1508375,-0.4230875
1692465558633,0.036000002,-1.09095,10.11495,0.1076625,-0.300025,-0.3832125
1692465558660,1.6180501,-1.9189501,10.339951,0.1852125,-0.26125,-0.375375
1692465558690,0.46905002,-1.1730001,9.696,0.2283875,-0.1005125,-0.4797375
1692465558717,-1.1359501,-0.75600004,9.387,0.1771,-0.116875,-0.6851625
1692465558748,-0.77400005,-1.005,10.701,0.077275,-0.147675,-0.8094625
1692465558780,-0.13695,-1.1200501,10.99995,0.0930875,-0.01375,-0.625625
1692465558810,0.11505,-0.81405,9.54705,0.166375,0.3122625,-0.33935
1692465558847,0.055050004,-0.273,8.97795,0.176275,0.298925,-0.4893625
1692465558874,0.13005,-0.64095,8.99205,0.18933749,0.2341625,-0.6153125
1692465558900,0.04095,-1.1179501,9.16395,0.2189,0.1841125,-0.7616125
1692465558928,0.38805002,-1.4860501,10.048051,0.23045,0.12595,-0.952325
1692465558959,0.30705002,-1.20105,9.732,0.1700875,0.0944625,-0.8965
1692465558989,0.120000005,-0.81405,8.997001,0.079475,0.051425,-0.7508875
1692465559020,0.010050001,-0.45405003,8.125951,-0.0576125,-0.038225,-0.4181375
1692465559046,0.048,-0.54495,8.451,-0.060225,-0.0529375,-0.329175
1692465559074,0.11805001,-0.92595005,9.415951,0.0374,-0.012925,-0.31405
1692465559102,-0.12105001,-1.04595,9.11205,0.0851125,0.011,-0.318175
1692465559133,-0.18495001,-0.90000004,7.7790003,0.084975,0.0358875,-0.2871
1692465559161,0.24195,-0.84195006,7.69995,0.047575,0.0528,-0.2564375
1692465559187,0.012,-0.99495006,6.9529505,-0.022,0.0798875,-0.1535875
1692465559215,-0.441,-1.125,6.168,-0.0424875,0.0691625,-0.1472625
1692465559246,-0.24795002,-1.24695,6.4860005,-0.0884125,0.0570625,-0.234025
1692465559274,-0.55905,-1.01505,5.892,-0.12979999,0.07425,-0.1439625
1692465559301,-0.09,-1.1370001,5.964,-0.177925,0.097075,0.0683375
1692465559332,0.27105,-1.23,6.2080503,-0.24145,0.1109625,0.6204
1692465559360,0.132,-0.98295003,7.03905,-0.258225,0.0589875,0.9662125
1692465559390,0.252,-0.77505004,6.7660503,-0.2737625,-0.0407,1.2896125
1692465559420,-0.18300001,-0.75600004,6.4240503,-0.2431,-0.2096875,1.2958
1692465559448,-0.14205001,-1.02705,7.4340005,-0.0864875,-0.2204125,0.8751875
1692465559476,0.71400005,-0.94995004,10.828051,-0.0143,-0.1901625,0.8281625
1692465559506,0.48600003,-1.302,9.84,0.0561,-0.132275,0.84328747
1692465559533,-0.252,-1.23,9.5140505,0.060225,-0.158125,0.690525
1692465559564,-0.01995,-1.2540001,10.23705,0.0462,-0.2024,0.45595
1692465559591,0.3,-1.50495,11.625001,0.01485,-0.177375,0.1639
1692465559621,-0.18495001,-1.4070001,11.248951,0.020075,-0.115225,0.115775
1692465559650,-0.11100001,-1.5120001,11.09895,0.0383625,-0.0655875,0.0664125
1692465559680,-0.39600003,-1.21305,11.671051,0.066825,-0.0088,-0.0303875
1692465559708,-0.29295,-1.6350001,11.78295,0.049775,0.0328625,0.0935
1692465559736,-0.15705001,-1.98195,12.40095,0.0367125,0.0451,0.236775
1692465559767,0.19905001,-1.8430501,11.938951,-0.00605,0.0515625,0.50765
1692465559796,0.04095,-1.536,11.509951,-0.0441375,0.0303875,0.6138
1692465559824,-0.39795002,-1.35195,11.34,-0.07535,-0.0022,0.6325
1692465559855,-0.31905,-1.21605,11.69505,-0.0631125,-0.032175,0.3606625
1692465559887,-0.975,-0.87600005,12.06105,0.0122375,0.0086624995,0.2206875
1692465559913,-0.90795004,-0.98100007,11.74995,0.061049998,0.057475,0.15565
1692465559941,-0.48495004,-1.18005,11.611051,0.1142625,0.12485,0.014575
1692465559971,-0.05595,-1.3039501,12.05805,0.160875,0.1929125,-0.13035
1692465560000,-0.64500004,-1.3470001,13.50405,0.1808125,0.2332,-0.1452
1692465560028,-0.68595004,-1.5169501,13.267051,0.131725,0.175725,-0.243375
1692465560057,0.19695,-1.8760501,12.918,0.110825,0.1610125,-0.3689125
1692465560086,-0.043950003,-1.7520001,13.21905,0.087725,0.1522125,-0.4433
1692465560115,-0.078,-1.3660501,13.270051,0.014712499,0.0884125,-0.4896375
1692465560144,0.012,-1.074,12.823951,-0.0138875,0.0416625,-0.5355625
1692465560172,-0.74295,-0.67905,12.196951,8.25E-4,-0.0144375,-0.6716875
1692465560202,-1.116,-0.35205,11.91495,0.0375375,-0.0182875,-0.7693125
1692465560229,-0.19695,-1.65795,13.15005,0.133925,0.0523875,-0.8925125
1692465560260,0.48405004,-2.8150501,13.98795,0.164725,0.0977625,-0.742225
1692465560291,-0.33900002,-2.6089501,14.268001,0.056925,0.019524999,0.0710875
1692465560318,-0.85305005,-2.2690501,14.731951,-0.078375,-0.0919875,0.5000875
1692465560346,-1.0830001,-1.86195,14.578951,-0.2088625,-0.1772375,0.78815
1692465560376,-0.44595003,-2.214,12.781051,-0.2968625,-0.1445125,0.942425
1692465560403,0.39795002,-2.6899502,13.176001,-0.263725,-0.071225,0.8806875
1692465560434,0.57705003,-3.04395,14.148001,-0.207075,1.375E-4,0.5641625
1692465560463,0.65400004,-3.2020502,13.399051,-0.215325,-0.0264,0.3218875
1692465560490,0.13695,-2.6179502,10.749001,-0.27981248,-0.142175,-0.043449998
1692465560521,-0.33900002,-2.6830502,11.40495,-0.31405,-0.1953875,-0.0724625
1692465560550,-0.27405003,-2.3380501,9.592951,-0.3372875,-0.2277,-0.0191125
1692465560579,0.57000005,-2.6520002,8.83695,-0.33055,-0.1859,0.1714625
1692465560609,0.41700003,-2.9179502,10.384951,-0.2910875,-0.064899996,0.056925
1692465560639,-0.28605002,-2.21595,10.266001,-0.2880625,-0.0419375,-0.102437496
1692465560672,-1.30095,-1.4070001,5.24595,-0.2800875,-0.024475,-0.373725
1692465560694,-0.61905,-2.4720001,2.87895,-0.24255,0.0446875,-0.4992625
1692465560727,4.15605,-4.5690002,7.66095,-0.2299,0.151525,-0.066825
1692465560754,3.117,-3.3079503,10.32495,-0.369325,-0.0144375,0.579425
1692465560785,-1.0879501,-0.80895007,6.45195,-0.5885,-0.3675375,0.9612625
1692465560818,-1.11195,-0.12900001,3.7050002,-0.7447,-0.7338375,0.0551375
1692465560848,0.726,-0.96195006,4.6330504,-0.564575,-0.4862,-0.505725
1692465560876,0.24705002,-1.3039501,4.9489503,-0.12979999,0.163075,-0.9857375
1692465560905,-0.85995007,-1.2250501,4.8030005,0.0477125,0.3201,-1.1357499
1692465560931,0.50295,-1.7160001,6.1720505,0.068475,0.2817375,-0.996325
1692465560959,-0.64500004,-1.4070001,6.9979506,0.0741125,0.26125,-0.6469375
1692465560988,-1.65495,-2.4409502,6.2749505,0.097625,0.192775,0.2847625
1692465561016,2.832,-3.078,10.68,0.1073875,0.1249875,0.97583747
1692465561045,2.08305,-2.30205,9.13305,0.064075,0.011275,1.862025
1692465561073,-0.15900001,-1.55295,6.3739505,-0.12595,-0.36519998,2.029775
1692465561103,-0.10395,-1.3620001,9.069,-0.1417625,-0.4934875,1.0993125
1692465561132,-0.48195,-0.67905,10.828051,0.02915,-0.3639625,-0.0295625
1692465561160,-0.84105,-0.66300005,9.43305,0.18053749,-0.1483625,-0.1654125
1692465561189,-0.31695002,-0.88095003,8.24505,0.5300625,0.339625,-0.65587497
1692465561217,0.57195,-1.6680001,10.05,0.6604125,0.52745,-0.9084625
1692465561245,0.27795002,-1.8379501,10.6699505,0.713075,0.6116,-1.004575
1692465561273,0.18195,-1.812,10.054951,0.5660875,0.450725,-0.9053
1692465561301,0.261,-1.48905,9.52095,0.4197875,0.2990625,-0.7535
1692465561330,0.13395001,-0.94005007,9.538051,0.1868625,0.061049998,-0.207625
1692465561356,-0.147,-0.75105006,8.899051,0.1401125,-4.125E-4,-0.0028875
1692465561386,-0.42495003,-0.67905,9.379951,0.18287499,0.00715,-0.1062875
1692465561415,0.24705002,-1.0030501,10.351951,0.237325,0.0583,-0.286825
1692465561444,-0.04695,-0.63900006,10.335,0.2825625,0.1142625,-0.4378
1692465561471,-0.453,-0.51900005,9.31095,0.319,0.153725,-0.5308875
1692465561500,-0.67395,-0.22200002,9.691051,0.3249125,0.1441,-0.5324
1692465561532,-0.31005,-0.28005,11.34,0.3491125,0.1882375,-0.6774625
1692465561551,-0.21195,-0.186,10.57695,0.370425,0.2371875,-0.7481375
1692465561585,-0.62100005,0.069000006,9.682051,0.394625,0.271975,-0.7975
1692465561611,-0.49395,0.03795,9.90705,0.4244625,0.2662,-1.0547625
1692465561642,0.11505,-0.11895001,9.3490505,0.4244625,0.251625,-1.1809875
1692465561671,-0.22095,-0.024,9.5140505,0.3887125,0.19139999,-0.8908625
1692465561698,-0.066,-0.282,9.77505,0.350625,0.1304875,-0.5561875
1692465561727,-0.147,-0.24900001,9.460951,0.263175,0.02915,-0.1665125
1692465561756,-0.34305,-0.16005,10.11705,0.21505,0.0015125,-0.069575
1692465561783,-0.81000006,0.018000001,9.568951,0.1651375,-0.0202125,0.0485375
1692465561812,-0.36195,-0.18900001,9.741,0.099275,0.0081124995,0.15455
1692465561838,-0.058050003,-0.28695002,9.733951,0.0985875,0.0680625,0.0726
1692465561868,-0.62295,0.11400001,9.889951,0.1128875,0.1139875,-0.10505
1692465561894,-0.83400005,0.064050004,9.901951,0.101475,0.0754875,-0.0897875
1692465561922,-0.76905006,-0.097950004,10.075951,0.0906125,0.046475,-0.0397375
1692465561951,-0.303,-0.46605003,10.078951,0.0947375,0.0933625,0.026675
1692465561977,-0.34305,-0.36105,9.825001,0.08635,0.1249875,0.072325
1692465562008,-0.597,-0.23700002,9.72,0.0620125,0.1285625,0.1266375
1692465562036,-0.32895002,-0.42105,10.158001,-0.01155,0.0743875,0.27885
1692465562064,-0.21195,-0.40395,10.029,-0.043449998,0.0455125,0.396825
1692465562091,-0.324,-0.36600003,9.556951,-0.076175,-6.875E-4,0.506275
1692465562120,-0.48705003,-0.31605002,9.98595,-0.0815375,-0.0221375,0.4565
1692465562145,-0.46305,-0.37095,10.797001,-0.0803,-0.033825,0.3843125
1692465562171,0.010050001,-0.73905003,10.042951,-0.056925,-0.0169125,0.1700875
1692465562200,-0.279,-0.45195,8.956051,-0.0444125,-0.0066,-0.0064625
1692465562230,-0.47505003,-0.28905,9.7560005,-0.0430375,-0.00825,-0.1637625
1692465562258,-0.49395,-0.31095,10.692,-0.066275,-0.0301125,-0.24475
1692465562287,0.01695,-0.64095,10.029,-0.0702625,-0.0284625,-0.2039125
1692465562322,-0.22395001,-0.40395,9.33195,-0.058575,-0.0045375,-0.0301125
1692465562351,-0.22395001,-0.40395,9.33195,-0.058575,-0.0045375,-0.0301125
1692465562381,-0.42705002,-0.27,10.219951,-0.0620125,-0.06875,0.4566375
1692465562404,-0.094050005,-0.15795001,9.574051,-0.0523875,-0.083325,0.5806625
1692465562446,0.076950006,-0.165,9.66195,-0.031075,-0.0798875,0.5696625
1692465562468,0.18,-0.37995002,9.733951,0.02365,-0.0726,0.3388
1692465562504,-0.078,-0.16695,9.700951,0.042625,-0.09185,0.2880625
1692465562533,0.36195,-0.46905002,9.765,0.039325,-0.1408,0.14795
1692465562556,0.41205,-0.51000005,9.92805,0.039325,-0.1408,0.14795
1692465562580,0.34995002,-0.462,9.744,0.0284625,-0.1375,0.245025
1692465562614,0.12195001,-0.37995002,9.258,-0.0204875,-0.1986875,0.3356375
1692465562644,0.33795002,-0.53295004,9.64995,-0.0416625,-0.214225,0.3777125
1692465562671,-0.27600002,-0.54105,10.62195,-0.052525,-0.2068,0.385
1692465562703,-0.27405003,-0.23700002,10.242001,-0.0609125,-0.1530375,0.15413749
1692465562729,-0.264,-0.162,9.918,-0.06435,-0.1104125,0.0867625
1692465562756,-0.027,-0.22200002,9.744,-0.042075,4.125E-4,0.2212375
1692465562788,0.0049500004,-0.28695002,9.411,-0.009625,0.049225,0.165825
1692465562817,0.16305001,-0.49500003,9.97605,0.0438625,0.0787875,-0.085525
1692465562845,0.16995001,-0.44700003,9.934951,0.0430375,0.0587125,-0.0639375
1692465562873,-0.22605,-0.26295,10.15305,0.0103124995,1.375E-4,0.1310375
1692465562904,-0.027,-0.27705002,9.981001,-0.003025,-0.0176,0.1684375
1692465562932,-0.3,-0.093,9.49005,-0.00275,-0.001375,0.0583
1692465562960,-0.18795002,-0.109950006,9.588,0.0097624995,0.021175,-0.0176
1692465562988,0.10095,-0.21300001,9.87495,0.044825,0.0551375,-0.1269125
1692465563017,-0.10395,-0.052050002,9.66195,0.0633875,0.060775,-0.2215125
1692465563045,-0.054,-0.11895001,9.61005,0.0886875,0.03795,-0.432575
1692465563071,0.10605001,-0.17895001,9.83205,0.092125,0.022824999,-0.44275
1692465563099,0.11805001,-0.33495003,9.859051,0.089237496,0.0132,-0.4035625
1692465563127,0.21300001,-0.30600002,9.873,0.0642125,-0.011825,-0.31501248
1692465563157,0.051000003,-0.35895002,9.80595,0.0413875,-0.033,-0.203225
1692465563186,0.076950006,-0.46605003,9.92805,0.01485,-0.054725,-0.05115
1692465563219,-0.34605002,-0.27705002,10.552951,-0.0275,-0.0730125,0.006325
1692465563245,-0.89895004,0.093,10.242001,-0.0347875,-0.0171875,-0.142175
1692465563274,0.0,0.0,0.0,0.0,0.0,0.0
